7450-648356
OS REV: 1.05 Sensor Cal: 1617726901
Time (sec),  BV (Volts),  T (deg C),  DO (mg/l),  Q ()
1630879380,+3.52,+16.228, +8.120,+0.957
1630879980,+3.52,+16.219, +8.127,+0.958
1630880580,+3.52,+16.228, +8.126,+0.958
1630881180,+3.52,+16.228, +8.129,+0.958
1630881780,+3.52,+16.219, +8.125,+0.958
1630882380,+3.52,+16.194, +8.129,+0.958
1630882980,+3.52,+16.202, +8.133,+0.959
1630883580,+3.52,+16.228, +8.121,+0.958
1630884180,+3.52,+16.236, +8.118,+0.958
1630884780,+3.52,+16.211, +8.117,+0.958
1630885380,+3.52,+16.202, +8.114,+0.957
1630885980,+3.52,+16.202, +8.113,+0.958
1630886580,+3.52,+16.194, +8.126,+0.959
1630887180,+3.52,+16.219, +8.111,+0.958
1630887780,+3.52,+16.219, +8.107,+0.958
1630888380,+3.52,+16.228, +8.107,+0.958
1630888980,+3.52,+16.202, +8.106,+0.958
1630889580,+3.52,+16.194, +8.028,+0.958
1630890180,+3.52,+16.211, +7.965,+0.958
1630890780,+3.52,+16.219, +7.887,+0.958
1630891380,+3.52,+16.168, +7.849,+0.958
1630891980,+3.52,+16.177, +7.802,+0.958
1630892580,+3.52,+16.168, +7.762,+0.958
1630893180,+3.52,+16.168, +7.737,+0.959
1630893780,+3.52,+16.177, +7.703,+0.958
1630894380,+3.52,+16.168, +7.675,+0.958
1630894980,+3.52,+16.143, +7.656,+0.958
1630895580,+3.52,+16.168, +7.629,+0.958
1630896180,+3.52,+16.151, +7.626,+0.958
1630896780,+3.52,+16.160, +7.611,+0.958
1630897380,+3.52,+16.134, +7.600,+0.958
1630897980,+3.52,+16.143, +7.587,+0.958
1630898580,+3.52,+16.143, +7.583,+0.958
1630899180,+3.52,+16.160, +7.575,+0.958
1630899780,+3.52,+16.134, +7.578,+0.958
1630900380,+3.52,+16.134, +7.568,+0.958
1630900980,+3.52,+16.160, +7.563,+0.959
1630901580,+3.52,+16.151, +7.559,+0.958
1630902180,+3.52,+16.134, +7.556,+0.958
1630902780,+3.52,+16.134, +7.548,+0.958
1630903380,+3.52,+16.160, +7.541,+0.958
1630903980,+3.52,+16.160, +7.544,+0.958
1630904580,+3.52,+16.160, +7.544,+0.958
1630905180,+3.52,+16.134, +7.544,+0.958
1630905780,+3.52,+16.134, +7.548,+0.958
1630906380,+3.52,+16.134, +7.552,+0.958
1630906980,+3.52,+16.151, +7.537,+0.958
1630907580,+3.52,+16.126, +7.548,+0.958
1630908180,+3.52,+16.134, +7.547,+0.958
1630908780,+3.52,+16.160, +7.542,+0.958
1630909380,+3.52,+16.126, +7.548,+0.958
1630909980,+3.52,+16.134, +7.542,+0.958
1630910580,+3.52,+16.160, +7.542,+0.959
1630911180,+3.52,+16.134, +7.544,+0.958
1630911780,+3.52,+16.126, +7.546,+0.958
1630912380,+3.52,+16.117, +7.543,+0.958
1630912980,+3.52,+16.151, +7.545,+0.958
1630913580,+3.52,+16.151, +7.546,+0.958
1630914180,+3.52,+16.134, +7.544,+0.959
1630914780,+3.52,+16.134, +7.543,+0.958
1630915380,+3.52,+16.151, +7.541,+0.958
1630915980,+3.52,+16.134, +7.546,+0.958
1630916580,+3.52,+16.126, +7.543,+0.958
1630917180,+3.52,+16.143, +7.540,+0.958
1630917780,+3.52,+16.168, +7.537,+0.958
1630918380,+3.52,+16.109, +7.554,+0.959
1630918980,+3.52,+16.134, +7.546,+0.959
1630919580,+3.52,+16.151, +7.536,+0.958
1630920180,+3.52,+16.143, +7.541,+0.958
1630920780,+3.52,+16.126, +7.545,+0.958
1630921380,+3.52,+16.134, +7.541,+0.958
1630921980,+3.52,+16.160, +7.540,+0.958
1630922580,+3.52,+16.151, +7.540,+0.958
1630923180,+3.52,+16.126, +7.539,+0.958
1630923780,+3.52,+16.143, +7.549,+0.959
1630924380,+3.52,+16.151, +7.542,+0.958
1630924980,+3.52,+16.143, +7.547,+0.958
1630925580,+3.52,+16.117, +7.550,+0.958
1630926180,+3.52,+16.134, +7.542,+0.958
1630926780,+3.52,+16.126, +7.550,+0.958
1630927380,+3.52,+16.143, +7.552,+0.958
1630927980,+3.52,+16.126, +7.557,+0.958
1630928580,+3.52,+16.117, +7.552,+0.958
1630929180,+3.52,+16.134, +7.554,+0.959
1630929780,+3.52,+16.151, +7.545,+0.958
1630930380,+3.52,+16.134, +7.556,+0.958
1630930980,+3.52,+16.117, +7.555,+0.958
1630931580,+3.52,+16.134, +7.541,+0.958
1630932180,+3.52,+16.117, +7.544,+0.958
1630932780,+3.52,+16.134, +7.545,+0.958
1630933380,+3.52,+16.126, +7.623,+0.958
1630933980,+3.52,+16.151, +7.690,+0.958
1630934580,+3.52,+16.151, +7.758,+0.958
1630935180,+3.52,+16.160, +7.810,+0.958
1630935780,+3.52,+16.194, +7.842,+0.958
1630936380,+3.52,+16.185, +7.883,+0.958
1630936980,+3.52,+16.185, +7.936,+0.959
1630937580,+3.52,+16.194, +7.954,+0.958
1630938180,+3.52,+16.194, +7.982,+0.958
1630938780,+3.52,+16.185, +7.996,+0.958
1630939380,+3.52,+16.202, +8.024,+0.958
1630939980,+3.52,+16.211, +8.033,+0.958
1630940580,+3.52,+16.194, +8.061,+0.958
1630941180,+3.52,+16.219, +8.058,+0.958
1630941780,+3.52,+16.160, +8.075,+0.958
1630942380,+3.52,+16.194, +8.087,+0.958
1630942980,+3.52,+16.202, +8.091,+0.958
1630943580,+3.52,+16.185, +8.107,+0.958
1630944180,+3.52,+16.168, +8.112,+0.958
1630944780,+3.52,+16.202, +8.114,+0.958
1630945380,+3.52,+16.202, +8.117,+0.958
1630945980,+3.52,+16.211, +8.129,+0.958
1630946580,+3.52,+16.177, +8.124,+0.958
1630947180,+3.52,+16.202, +8.127,+0.958
1630947780,+3.52,+16.202, +8.127,+0.958
1630948380,+3.52,+16.211, +8.143,+0.959
1630948980,+3.52,+16.219, +8.141,+0.958
1630949580,+3.52,+16.194, +8.126,+0.957
1630950180,+3.52,+16.202, +8.138,+0.958
1630950780,+3.52,+16.236, +8.125,+0.957
1630951380,+3.52,+16.219, +8.145,+0.958
1630951980,+3.52,+16.211, +8.141,+0.958
1630952580,+3.52,+16.185, +8.151,+0.958
1630953180,+3.52,+16.211, +8.141,+0.958
1630953780,+3.52,+16.228, +8.144,+0.958
1630954380,+3.52,+16.219, +8.139,+0.958
1630954980,+3.52,+16.219, +8.144,+0.958
1630955580,+3.52,+16.211, +8.145,+0.958
1630956180,+3.52,+16.202, +8.147,+0.958
1630956780,+3.52,+16.202, +8.147,+0.958
1630957380,+3.52,+16.219, +8.143,+0.958
1630957980,+3.52,+16.228, +8.149,+0.958
1630958580,+3.52,+16.211, +8.151,+0.958
1630959180,+3.52,+16.202, +8.151,+0.958
1630959780,+3.52,+16.228, +8.145,+0.958
1630960380,+3.52,+16.219, +8.151,+0.958
1630960980,+3.52,+16.211, +8.150,+0.958
1630961580,+3.52,+16.194, +8.158,+0.958
1630962180,+3.52,+16.211, +8.144,+0.958
1630962780,+3.52,+16.245, +8.134,+0.958
1630963380,+3.52,+16.219, +8.133,+0.958
1630963980,+3.52,+16.211, +8.137,+0.958
1630964580,+3.52,+16.211, +8.119,+0.958
1630965180,+3.52,+16.211, +8.113,+0.958
1630965780,+3.52,+16.219, +8.125,+0.958
