7450-648356
OS REV: 1.05 Sensor Cal: 1617726901
Time (sec),  BV (Volts),  T (deg C),  DO (mg/l),  Q ()
1629132420,+3.43,+17.171, +7.736,+0.958
1629133020,+3.44,+17.069, +7.771,+0.959
1629133620,+3.45,+17.035, +7.773,+0.959
1629134220,+3.45,+17.044, +7.786,+0.959
1629134820,+3.46,+17.027, +7.795,+0.959
1629135420,+3.46,+17.018, +7.804,+0.959
1629136020,+3.46,+17.018, +7.824,+0.960
1629136620,+3.47,+17.010, +7.829,+0.959
1629137220,+3.47,+17.010, +7.849,+0.960
1629137820,+3.47,+17.010, +7.855,+0.959
1629138420,+3.47,+17.027, +7.864,+0.959
1629139020,+3.47,+17.018, +7.884,+0.960
1629139620,+3.48,+17.010, +7.898,+0.959
1629140220,+3.48,+17.010, +7.906,+0.959
1629140820,+3.48,+16.985, +7.920,+0.959
1629141420,+3.48,+17.010, +7.913,+0.959
1629142020,+3.48,+17.010, +7.939,+0.960
1629142620,+3.48,+16.993, +7.942,+0.960
1629143220,+3.49,+16.976, +7.954,+0.960
1629143820,+3.49,+16.976, +7.955,+0.959
1629144420,+3.49,+16.968, +7.963,+0.959
1629145020,+3.49,+16.959, +7.969,+0.959
1629145620,+3.49,+16.976, +7.970,+0.959
1629146220,+3.49,+16.968, +7.985,+0.959
1629146820,+3.49,+16.959, +7.972,+0.959
1629147420,+3.49,+16.959, +7.990,+0.959
1629148020,+3.49,+16.934, +7.998,+0.959
1629148620,+3.49,+16.942, +8.007,+0.960
1629149220,+3.49,+16.925, +8.007,+0.959
1629149820,+3.49,+16.917, +8.011,+0.959
1629150420,+3.50,+16.934, +8.005,+0.959
1629151020,+3.50,+16.925, +8.016,+0.959
1629151620,+3.50,+16.951, +8.014,+0.959
1629152220,+3.50,+16.942, +8.017,+0.959
1629152820,+3.50,+16.951, +8.018,+0.959
1629153420,+3.50,+16.959, +8.024,+0.959
1629154020,+3.50,+16.976, +8.010,+0.958
1629154620,+3.50,+16.985, +8.023,+0.959
1629155220,+3.50,+16.993, +8.014,+0.959
1629155820,+3.50,+16.993, +8.026,+0.959
1629156420,+3.50,+16.985, +8.015,+0.959
1629157020,+3.50,+17.002, +8.022,+0.959
1629157620,+3.50,+17.002, +8.016,+0.959
1629158220,+3.50,+17.018, +8.007,+0.959
1629158820,+3.50,+17.035, +8.012,+0.960
1629159420,+3.50,+17.044, +8.004,+0.959
1629160020,+3.50,+17.044, +7.994,+0.959
1629160620,+3.50,+17.052, +7.981,+0.959
1629161220,+3.51,+17.027, +7.952,+0.959
1629161820,+3.51,+17.044, +7.872,+0.959
1629162420,+3.51,+17.044, +7.806,+0.959
1629163020,+3.51,+17.035, +7.754,+0.959
1629163620,+3.51,+17.018, +7.700,+0.959
1629164220,+3.51,+17.002, +7.658,+0.959
1629164820,+3.51,+17.018, +7.610,+0.960
1629165420,+3.51,+17.018, +7.559,+0.959
1629166020,+3.51,+17.027, +7.514,+0.959
1629166620,+3.51,+17.027, +7.482,+0.959
1629167220,+3.51,+17.027, +7.455,+0.959
1629167820,+3.51,+17.027, +7.415,+0.959
1629168420,+3.51,+17.027, +7.388,+0.959
1629169020,+3.51,+17.027, +7.352,+0.959
1629169620,+3.51,+17.044, +7.333,+0.960
1629170220,+3.51,+17.018, +7.316,+0.959
1629170820,+3.51,+17.044, +7.282,+0.959
1629171420,+3.51,+17.027, +7.272,+0.959
1629172020,+3.51,+17.044, +7.253,+0.959
1629172620,+3.51,+17.052, +7.237,+0.960
1629173220,+3.51,+17.044, +7.218,+0.959
1629173820,+3.51,+17.061, +7.213,+0.960
1629174420,+3.51,+17.069, +7.192,+0.960
1629175020,+3.51,+17.061, +7.177,+0.959
1629175620,+3.51,+17.052, +7.164,+0.959
1629176220,+3.51,+17.078, +7.154,+0.959
1629176820,+3.51,+17.069, +7.146,+0.959
1629177420,+3.51,+17.078, +7.135,+0.959
1629178020,+3.51,+17.078, +7.130,+0.959
1629178620,+3.51,+17.086, +7.119,+0.959
1629179220,+3.51,+17.095, +7.111,+0.959
1629179820,+3.51,+17.086, +7.107,+0.959
1629180420,+3.52,+17.095, +7.098,+0.959
1629181020,+3.51,+17.103, +7.096,+0.959
1629181620,+3.51,+17.103, +7.092,+0.959
1629182220,+3.51,+17.103, +7.092,+0.959
1629182820,+3.52,+17.137, +7.079,+0.959
1629183420,+3.52,+17.129, +7.076,+0.959
1629184020,+3.52,+17.129, +7.079,+0.960
1629184620,+3.52,+17.137, +7.074,+0.959
1629185220,+3.52,+17.146, +7.069,+0.959
1629185820,+3.52,+17.171, +7.059,+0.959
1629186420,+3.52,+17.171, +7.059,+0.959
1629187020,+3.52,+17.163, +7.052,+0.959
1629187620,+3.52,+17.171, +7.063,+0.959
1629188220,+3.52,+17.180, +7.055,+0.959
1629188820,+3.52,+17.196, +7.050,+0.959
1629189420,+3.52,+17.180, +7.054,+0.959
1629190020,+3.52,+17.188, +7.057,+0.960
1629190620,+3.52,+17.205, +7.047,+0.959
1629191220,+3.52,+17.205, +7.047,+0.959
1629191820,+3.52,+17.213, +7.037,+0.959
1629192420,+3.52,+17.213, +7.050,+0.959
1629193020,+3.52,+17.222, +7.037,+0.959
1629193620,+3.52,+17.222, +7.046,+0.959
1629194220,+3.52,+17.230, +7.046,+0.960
1629194820,+3.52,+17.230, +7.044,+0.959
1629195420,+3.52,+17.239, +7.042,+0.959
1629196020,+3.52,+17.256, +7.040,+0.959
1629196620,+3.52,+17.222, +7.041,+0.959
1629197220,+3.52,+17.264, +7.038,+0.959
1629197820,+3.52,+17.264, +7.033,+0.959
1629198420,+3.52,+17.256, +7.041,+0.959
1629199020,+3.52,+17.256, +7.040,+0.959
1629199620,+3.52,+17.256, +7.038,+0.959
1629200220,+3.52,+17.281, +7.035,+0.959
1629200820,+3.52,+17.273, +7.041,+0.959
1629201420,+3.52,+17.281, +7.032,+0.959
1629202020,+3.52,+17.281, +7.039,+0.959
1629202620,+3.52,+17.298, +7.033,+0.959
1629203220,+3.52,+17.273, +7.048,+0.960
1629203820,+3.52,+17.264, +7.044,+0.960
1629204420,+3.52,+17.239, +7.045,+0.959
1629205020,+3.52,+17.239, +7.060,+0.959
1629205620,+3.52,+17.222, +7.125,+0.959
1629206220,+3.52,+17.196, +7.184,+0.959
1629206820,+3.52,+17.196, +7.240,+0.959
1629207420,+3.52,+17.188, +7.280,+0.959
1629208020,+3.52,+17.154, +7.321,+0.959
1629208620,+3.52,+17.137, +7.371,+0.959
1629209220,+3.52,+17.129, +7.410,+0.959
1629209820,+3.52,+17.129, +7.440,+0.959
1629210420,+3.52,+17.120, +7.463,+0.959
1629211020,+3.52,+17.103, +7.500,+0.959
1629211620,+3.52,+17.086, +7.526,+0.959
1629212220,+3.52,+17.078, +7.562,+0.959
1629212820,+3.52,+17.061, +7.587,+0.959
1629213420,+3.52,+17.061, +7.612,+0.959
1629214020,+3.52,+17.052, +7.627,+0.959
1629214620,+3.52,+17.035, +7.656,+0.959
1629215220,+3.52,+17.061, +7.661,+0.959
1629215820,+3.52,+17.052, +7.686,+0.959
1629216420,+3.52,+17.027, +7.703,+0.959
1629217020,+3.52,+17.027, +7.716,+0.959
1629217620,+3.52,+17.027, +7.728,+0.959
1629218220,+3.52,+17.035, +7.740,+0.959
1629218820,+3.52,+17.018, +7.759,+0.959
