7450-648356
OS REV: 1.05 Sensor Cal: 1617726901
Time (sec),  BV (Volts),  T (deg C),  DO (mg/l),  Q ()
1629741420,+3.52,+16.696, +7.948,+0.958
1629742020,+3.52,+16.645, +7.961,+0.959
1629742620,+3.52,+16.645, +7.947,+0.958
1629743220,+3.52,+16.653, +7.942,+0.959
1629743820,+3.52,+16.628, +7.937,+0.958
1629744420,+3.52,+16.628, +7.937,+0.959
1629745020,+3.52,+16.645, +7.934,+0.958
1629745620,+3.52,+16.628, +7.935,+0.958
1629746220,+3.52,+16.628, +7.929,+0.958
1629746820,+3.52,+16.653, +7.931,+0.959
1629747420,+3.52,+16.619, +7.932,+0.959
1629748020,+3.52,+16.628, +7.939,+0.959
1629748620,+3.52,+16.636, +7.927,+0.958
1629749220,+3.52,+16.602, +7.940,+0.959
1629749820,+3.52,+16.636, +7.930,+0.958
1629750420,+3.52,+16.619, +7.923,+0.958
1629751020,+3.52,+16.636, +7.930,+0.959
1629751620,+3.52,+16.602, +7.933,+0.959
1629752220,+3.52,+16.585, +7.933,+0.958
1629752820,+3.52,+16.534, +7.936,+0.958
1629753420,+3.52,+16.526, +7.946,+0.959
1629754020,+3.52,+16.500, +7.943,+0.958
1629754620,+3.52,+16.475, +7.964,+0.959
1629755220,+3.52,+16.483, +7.949,+0.958
1629755820,+3.52,+16.441, +7.952,+0.958
1629756420,+3.52,+16.407, +7.963,+0.958
1629757020,+3.52,+16.432, +7.964,+0.959
1629757620,+3.52,+16.407, +7.964,+0.958
1629758220,+3.52,+16.441, +7.962,+0.958
1629758820,+3.52,+16.407, +7.977,+0.959
1629759420,+3.52,+16.407, +7.973,+0.959
1629760020,+3.52,+16.441, +7.981,+0.959
1629760620,+3.52,+16.424, +7.969,+0.958
1629761220,+3.52,+16.415, +7.974,+0.959
1629761820,+3.52,+16.424, +7.980,+0.959
1629762420,+3.52,+16.432, +7.974,+0.958
1629763020,+3.52,+16.441, +7.982,+0.959
1629763620,+3.52,+16.432, +7.969,+0.958
1629764220,+3.52,+16.432, +7.973,+0.958
1629764820,+3.52,+16.415, +7.979,+0.959
1629765420,+3.52,+16.432, +7.975,+0.959
1629766020,+3.52,+16.441, +7.951,+0.958
1629766620,+3.52,+16.424, +7.892,+0.959
1629767220,+3.52,+16.432, +7.833,+0.958
1629767820,+3.52,+16.390, +7.784,+0.958
1629768420,+3.52,+16.390, +7.747,+0.959
1629769020,+3.52,+16.407, +7.703,+0.958
1629769620,+3.52,+16.415, +7.673,+0.958
1629770220,+3.52,+16.390, +7.667,+0.959
1629770820,+3.52,+16.381, +7.647,+0.958
1629771420,+3.52,+16.390, +7.637,+0.959
1629772020,+3.52,+16.390, +7.610,+0.958
1629772620,+3.52,+16.398, +7.601,+0.959
1629773220,+3.52,+16.381, +7.593,+0.959
1629773820,+3.52,+16.381, +7.592,+0.959
1629774420,+3.52,+16.373, +7.583,+0.959
1629775020,+3.52,+16.390, +7.571,+0.959
1629775620,+3.52,+16.398, +7.567,+0.959
1629776220,+3.52,+16.390, +7.572,+0.959
1629776820,+3.52,+16.390, +7.569,+0.959
1629777420,+3.52,+16.373, +7.566,+0.959
1629778020,+3.52,+16.364, +7.576,+0.959
1629778620,+3.52,+16.381, +7.562,+0.959
1629779220,+3.52,+16.381, +7.559,+0.959
1629779820,+3.52,+16.390, +7.559,+0.959
1629780420,+3.52,+16.381, +7.556,+0.958
1629781020,+3.52,+16.364, +7.564,+0.958
1629781620,+3.52,+16.373, +7.566,+0.959
1629782220,+3.52,+16.390, +7.565,+0.959
1629782820,+3.52,+16.373, +7.564,+0.958
1629783420,+3.52,+16.373, +7.570,+0.959
1629784020,+3.52,+16.381, +7.561,+0.958
1629784620,+3.52,+16.364, +7.565,+0.959
1629785220,+3.52,+16.373, +7.570,+0.959
1629785820,+3.52,+16.364, +7.567,+0.958
1629786420,+3.52,+16.398, +7.567,+0.959
1629787020,+3.52,+16.373, +7.577,+0.959
1629787620,+3.52,+16.381, +7.572,+0.958
1629788220,+3.52,+16.373, +7.580,+0.959
1629788820,+3.52,+16.364, +7.576,+0.959
1629789420,+3.52,+16.364, +7.576,+0.959
1629790020,+3.52,+16.381, +7.565,+0.959
1629790620,+3.52,+16.339, +7.576,+0.958
1629791220,+3.52,+16.356, +7.572,+0.958
1629791820,+3.52,+16.381, +7.566,+0.958
1629792420,+3.52,+16.373, +7.573,+0.958
1629793020,+3.52,+16.381, +7.573,+0.959
1629793620,+3.52,+16.373, +7.579,+0.958
1629794220,+3.52,+16.390, +7.573,+0.959
1629794820,+3.52,+16.373, +7.585,+0.959
1629795420,+3.52,+16.364, +7.579,+0.958
1629796020,+3.52,+16.381, +7.579,+0.959
1629796620,+3.52,+16.381, +7.587,+0.959
1629797220,+3.52,+16.381, +7.581,+0.959
1629797820,+3.52,+16.347, +7.581,+0.958
1629798420,+3.52,+16.373, +7.583,+0.958
1629799020,+3.52,+16.356, +7.582,+0.958
1629799620,+3.52,+16.373, +7.587,+0.959
1629800220,+3.52,+16.364, +7.594,+0.959
1629800820,+3.52,+16.356, +7.583,+0.958
1629801420,+3.52,+16.364, +7.584,+0.958
1629802020,+3.52,+16.373, +7.582,+0.958
1629802620,+3.52,+16.364, +7.593,+0.959
1629803220,+3.52,+16.373, +7.595,+0.959
1629803820,+3.52,+16.339, +7.598,+0.958
1629804420,+3.52,+16.356, +7.594,+0.959
1629805020,+3.52,+16.373, +7.590,+0.958
1629805620,+3.52,+16.373, +7.592,+0.958
1629806220,+3.52,+16.356, +7.601,+0.959
1629806820,+3.52,+16.356, +7.598,+0.959
1629807420,+3.52,+16.381, +7.589,+0.958
1629808020,+3.52,+16.373, +7.597,+0.959
1629808620,+3.52,+16.356, +7.603,+0.959
1629809220,+3.52,+16.356, +7.597,+0.958
1629809820,+3.52,+16.373, +7.616,+0.958
1629810420,+3.52,+16.364, +7.687,+0.959
1629811020,+3.52,+16.381, +7.746,+0.958
1629811620,+3.52,+16.390, +7.791,+0.958
1629812220,+3.52,+16.390, +7.845,+0.959
1629812820,+3.52,+16.398, +7.874,+0.958
1629813420,+3.52,+16.398, +7.913,+0.959
1629814020,+3.52,+16.390, +7.944,+0.959
1629814620,+3.52,+16.407, +7.945,+0.958
1629815220,+3.52,+16.407, +7.977,+0.958
1629815820,+3.52,+16.424, +7.992,+0.958
1629816420,+3.52,+16.407, +8.008,+0.958
1629817020,+3.52,+16.398, +8.027,+0.959
1629817620,+3.52,+16.398, +8.030,+0.958
1629818220,+3.52,+16.407, +8.044,+0.959
1629818820,+3.52,+16.407, +8.053,+0.959
1629819420,+3.52,+16.424, +8.045,+0.958
1629820020,+3.52,+16.398, +8.073,+0.959
1629820620,+3.52,+16.415, +8.069,+0.958
1629821220,+3.52,+16.424, +8.078,+0.959
1629821820,+3.52,+16.407, +8.075,+0.958
1629822420,+3.52,+16.415, +8.074,+0.958
1629823020,+3.52,+16.407, +8.080,+0.959
1629823620,+3.52,+16.407, +8.075,+0.958
1629824220,+3.52,+16.415, +8.092,+0.959
1629824820,+3.52,+16.398, +8.087,+0.958
1629825420,+3.52,+16.381, +8.097,+0.958
1629826020,+3.52,+16.407, +8.085,+0.958
1629826620,+3.52,+16.398, +8.094,+0.958
1629827220,+3.52,+16.390, +8.101,+0.959
1629827820,+3.52,+16.407, +8.088,+0.958
