7450-728987
OS REV: 1.05 Sensor Cal: 1617729797
Time (sec),  BV (Volts),  T (deg C),  DO (mg/l),  Q ()
1628126160,+3.53,+23.890, +7.039,+0.956
1628126760,+3.53,+23.923, +7.036,+0.956
1628127360,+3.53,+23.957, +7.033,+0.956
1628127960,+3.53,+23.932, +7.047,+0.957
1628128560,+3.53,+23.949, +7.046,+0.956
1628129160,+3.53,+23.957, +7.048,+0.956
1628129760,+3.53,+23.949, +7.054,+0.956
1628130360,+3.53,+23.932, +7.057,+0.956
1628130960,+3.53,+23.940, +7.061,+0.957
1628131560,+3.53,+23.923, +7.056,+0.956
1628132160,+3.53,+23.915, +7.065,+0.956
1628132760,+3.53,+23.907, +7.067,+0.956
1628133360,+3.53,+23.881, +7.072,+0.957
1628133960,+3.53,+23.865, +7.080,+0.957
1628134560,+3.53,+23.856, +7.079,+0.957
1628135160,+3.53,+23.831, +7.088,+0.957
1628135760,+3.53,+23.831, +7.087,+0.957
1628136360,+3.53,+23.831, +7.084,+0.957
1628136960,+3.53,+23.814, +7.091,+0.957
1628137560,+3.53,+23.814, +7.082,+0.956
1628138160,+3.53,+23.798, +7.081,+0.956
1628138760,+3.53,+23.789, +7.090,+0.956
1628139360,+3.53,+23.789, +7.089,+0.956
1628139960,+3.53,+23.789, +7.093,+0.956
1628140560,+3.53,+23.789, +7.086,+0.956
1628141160,+3.53,+23.781, +7.089,+0.956
1628141760,+3.53,+23.789, +7.089,+0.956
1628142360,+3.53,+23.781, +7.087,+0.956
1628142960,+3.53,+23.789, +7.085,+0.956
1628143560,+3.53,+23.764, +7.092,+0.956
1628144160,+3.53,+23.756, +7.097,+0.957
1628144760,+3.53,+23.731, +7.105,+0.957
1628145360,+3.53,+23.705, +7.103,+0.956
1628145960,+3.53,+23.731, +7.098,+0.956
1628146560,+3.53,+23.705, +7.102,+0.956
1628147160,+3.53,+23.705, +7.105,+0.957
1628147760,+3.53,+23.689, +7.108,+0.956
1628148360,+3.53,+23.689, +7.110,+0.957
1628148960,+3.53,+23.672, +7.111,+0.957
1628149560,+3.53,+23.689, +7.103,+0.956
1628150160,+3.53,+23.680, +7.110,+0.956
1628150760,+3.53,+23.697, +7.105,+0.957
1628151360,+3.53,+23.689, +7.101,+0.956
1628151960,+3.53,+23.697, +7.101,+0.956
1628152560,+3.53,+23.697, +7.106,+0.957
1628153160,+3.53,+23.697, +7.103,+0.956
1628153760,+3.53,+23.714, +7.108,+0.957
1628154360,+3.53,+23.714, +7.099,+0.956
1628154960,+3.53,+23.722, +7.101,+0.957
1628155560,+3.53,+23.722, +7.101,+0.957
1628156160,+3.53,+23.739, +7.093,+0.956
1628156760,+3.53,+23.731, +7.105,+0.957
1628157360,+3.53,+23.731, +7.103,+0.956
1628157960,+3.53,+23.747, +7.099,+0.956
1628158560,+3.53,+23.764, +7.085,+0.956
1628159160,+3.53,+23.764, +7.093,+0.956
1628159760,+3.53,+23.773, +7.089,+0.956
1628160360,+3.53,+23.764, +7.090,+0.956
1628160960,+3.53,+23.764, +7.098,+0.957
1628161560,+3.53,+23.773, +7.093,+0.956
1628162160,+3.53,+23.773, +7.096,+0.956
1628162760,+3.53,+23.781, +7.097,+0.956
1628163360,+3.53,+23.773, +7.098,+0.956
1628163960,+3.53,+23.789, +7.094,+0.956
1628164560,+3.53,+23.806, +7.087,+0.956
1628165160,+3.53,+23.798, +7.100,+0.957
1628165760,+3.53,+23.798, +7.100,+0.957
1628166360,+3.53,+23.789, +7.104,+0.956
1628166960,+3.53,+23.739, +7.113,+0.957
1628167560,+3.53,+23.722, +7.105,+0.956
1628168160,+3.53,+23.705, +7.104,+0.956
1628168760,+3.53,+23.672, +7.104,+0.956
1628169360,+3.53,+23.630, +7.114,+0.956
1628169960,+3.53,+23.630, +7.113,+0.956
1628170560,+3.53,+23.613, +7.116,+0.956
1628171160,+3.53,+23.588, +7.120,+0.957
1628171760,+3.53,+23.555, +7.125,+0.956
1628172360,+3.53,+23.563, +7.114,+0.956
1628172960,+3.53,+23.530, +7.128,+0.956
1628173560,+3.53,+23.530, +7.125,+0.956
1628174160,+3.53,+23.504, +7.122,+0.956
1628174760,+3.53,+23.479, +7.130,+0.956
1628175360,+3.53,+23.463, +7.133,+0.956
1628175960,+3.53,+23.446, +7.134,+0.956
1628176560,+3.53,+23.429, +7.140,+0.956
1628177160,+3.53,+23.429, +7.138,+0.956
1628177760,+3.53,+23.421, +7.134,+0.956
1628178360,+3.53,+23.387, +7.141,+0.956
1628178960,+3.53,+23.370, +7.130,+0.956
1628179560,+3.53,+23.370, +7.137,+0.956
1628180160,+3.53,+23.362, +7.139,+0.956
1628180760,+3.53,+23.345, +7.138,+0.956
1628181360,+3.53,+23.320, +7.143,+0.956
1628181960,+3.53,+23.320, +7.140,+0.956
1628182560,+3.53,+23.295, +7.141,+0.956
1628183160,+3.53,+23.270, +7.145,+0.956
1628183760,+3.53,+23.262, +7.143,+0.956
1628184360,+3.53,+23.245, +7.141,+0.956
1628184960,+3.53,+23.236, +7.137,+0.956
1628185560,+3.53,+23.203, +7.148,+0.956
1628186160,+3.53,+23.203, +7.146,+0.956
1628186760,+3.53,+23.195, +7.142,+0.956
1628187360,+3.53,+23.178, +7.149,+0.957
1628187960,+3.53,+23.186, +7.144,+0.956
1628188560,+3.53,+23.178, +7.138,+0.956
1628189160,+3.53,+23.161, +7.141,+0.956
1628189760,+3.53,+23.153, +7.135,+0.956
1628190360,+3.53,+23.136, +7.145,+0.956
1628190960,+3.53,+23.128, +7.141,+0.956
1628191560,+3.53,+23.128, +7.138,+0.956
1628192160,+3.53,+23.111, +7.146,+0.956
1628192760,+3.53,+23.103, +7.142,+0.956
1628193360,+3.53,+23.103, +7.143,+0.956
1628193960,+3.53,+23.111, +7.138,+0.956
1628194560,+3.53,+23.086, +7.139,+0.956
1628195160,+3.53,+23.094, +7.141,+0.956
1628195760,+3.53,+23.086, +7.144,+0.956
1628196360,+3.53,+23.103, +7.133,+0.956
1628196960,+3.53,+23.128, +7.120,+0.956
1628197560,+3.53,+23.169, +7.110,+0.956
1628198160,+3.53,+23.178, +7.106,+0.956
1628198760,+3.53,+23.211, +7.099,+0.956
1628199360,+3.53,+23.228, +7.107,+0.956
1628199960,+3.53,+23.245, +7.104,+0.956
1628200560,+3.53,+23.253, +7.106,+0.956
1628201160,+3.53,+23.287, +7.101,+0.956
1628201760,+3.53,+23.312, +7.091,+0.956
1628202360,+3.53,+23.312, +7.097,+0.956
1628202960,+3.53,+23.337, +7.086,+0.956
1628203560,+3.53,+23.680, +7.045,+0.957
1628204160,+3.53,+23.689, +7.043,+0.958
1628204760,+3.53,+23.672, +7.044,+0.957
1628205360,+3.53,+23.689, +7.051,+0.957
1628205960,+3.53,+23.697, +7.051,+0.958
1628206560,+3.53,+23.722, +7.037,+0.958
1628207160,+3.53,+23.747, +7.031,+0.958
1628207760,+3.53,+23.714, +7.037,+0.957
1628208360,+3.53,+23.697, +7.039,+0.958
1628208960,+3.53,+23.739, +7.033,+0.957
1628209560,+3.53,+23.731, +7.031,+0.957
1628210160,+3.53,+23.697, +7.034,+0.958
1628210760,+3.53,+23.714, +7.033,+0.958
1628211360,+3.53,+23.689, +7.018,+0.957
1628211960,+3.53,+23.672, +7.027,+0.957
1628212560,+3.53,+23.647, +7.044,+0.958
