7450-728987
OS REV: 1.05 Sensor Cal: 1617729797
Time (sec),  BV (Volts),  T (deg C),  DO (mg/l),  Q ()
1625619420,+3.54,+24.318, +6.807,+0.961
1625620020,+3.53,+24.141, +6.844,+0.961
1625620620,+3.54,+22.224, +5.342,+0.955
1625621220,+3.54,+19.656, +5.160,+0.957
1625621820,+3.55,+19.203, +4.774,+0.959
1625622420,+3.54,+18.934, +4.400,+0.959
1625623020,+3.54,+18.716, +4.082,+0.960
1625623620,+3.55,+18.531, +3.782,+0.960
1625624220,+3.55,+18.371, +3.506,+0.960
1625624820,+3.55,+18.228, +3.261,+0.960
1625625420,+3.55,+18.093, +3.042,+0.960
1625626020,+3.55,+17.992, +2.818,+0.960
1625626620,+3.55,+17.899, +2.632,+0.960
1625627220,+3.54,+17.815, +2.465,+0.960
1625627820,+3.54,+17.722, +2.310,+0.960
1625628420,+3.54,+17.671, +2.160,+0.960
1625629020,+3.54,+17.603, +2.048,+0.960
1625629620,+3.54,+17.544, +1.925,+0.960
1625630220,+3.54,+17.510, +1.818,+0.960
1625630820,+3.54,+17.468, +1.727,+0.959
1625631420,+3.54,+17.417, +1.650,+0.959
1625632020,+3.54,+17.401, +1.582,+0.959
1625632620,+3.54,+17.341, +1.504,+0.958
1625633220,+3.54,+17.341, +1.456,+0.958
1625633820,+3.54,+17.308, +1.401,+0.958
1625634420,+3.54,+17.274, +1.361,+0.957
1625635020,+3.54,+17.257, +1.324,+0.957
1625635620,+3.54,+17.257, +1.287,+0.957
1625636220,+3.54,+17.223, +1.258,+0.957
1625636820,+3.54,+17.223, +1.231,+0.957
1625637420,+3.54,+17.223, +1.201,+0.956
1625638020,+3.54,+17.197, +1.183,+0.956
1625638620,+3.54,+17.189, +1.168,+0.956
1625639220,+3.54,+17.172, +1.148,+0.956
1625639820,+3.54,+17.172, +1.141,+0.956
1625640420,+3.54,+17.155, +1.125,+0.956
1625641020,+3.54,+17.172, +1.114,+0.955
1625641620,+3.54,+17.155, +1.107,+0.955
1625642220,+3.54,+17.155, +1.095,+0.955
1625642820,+3.54,+17.155, +1.092,+0.955
1625643420,+3.54,+17.130, +1.085,+0.955
1625644020,+3.54,+17.130, +1.082,+0.955
1625644620,+3.54,+17.130, +1.076,+0.955
1625645220,+3.54,+17.138, +1.065,+0.955
1625645820,+3.54,+17.121, +1.071,+0.955
1625646420,+3.54,+17.147, +1.059,+0.955
1625647020,+3.54,+17.155, +1.063,+0.955
1625647620,+3.54,+17.130, +1.068,+0.955
1625648220,+3.54,+17.155, +1.061,+0.955
1625648820,+3.54,+17.138, +1.062,+0.955
1625649420,+3.54,+17.138, +1.059,+0.955
1625650020,+3.54,+17.138, +1.054,+0.955
1625650620,+3.54,+17.147, +1.055,+0.955
1625651220,+3.54,+17.155, +1.050,+0.955
1625651820,+3.54,+17.147, +1.054,+0.955
1625652420,+3.54,+17.138, +1.055,+0.955
1625653020,+3.54,+17.130, +1.058,+0.955
1625653620,+3.54,+17.164, +1.057,+0.955
1625654220,+3.54,+17.138, +1.061,+0.955
1625654820,+3.54,+17.138, +1.060,+0.955
1625655420,+3.54,+17.138, +1.059,+0.955
1625656020,+3.54,+17.164, +1.064,+0.955
1625656620,+3.54,+17.147, +1.062,+0.955
1625657220,+3.54,+17.164, +1.058,+0.955
1625657820,+3.54,+17.138, +1.067,+0.955
1625658420,+3.54,+17.147, +1.065,+0.955
1625659020,+3.54,+17.138, +1.065,+0.955
1625659620,+3.54,+17.138, +1.070,+0.955
1625660220,+3.54,+17.155, +1.062,+0.955
1625660820,+3.54,+17.113, +1.073,+0.955
1625661420,+3.54,+17.130, +1.072,+0.955
1625662020,+3.54,+17.121, +1.071,+0.955
1625662620,+3.54,+17.113, +1.087,+0.955
1625663220,+3.54,+17.113, +1.104,+0.955
1625663820,+3.54,+17.096, +1.121,+0.955
1625664420,+3.54,+17.087, +1.138,+0.955
1625665020,+3.53,+17.087, +1.155,+0.956
1625665620,+3.53,+17.079, +1.172,+0.956
1625666220,+3.53,+17.104, +1.188,+0.956
1625666820,+3.53,+17.104, +1.204,+0.956
1625667420,+3.53,+17.079, +1.219,+0.956
1625668020,+3.53,+17.079, +1.227,+0.956
1625668620,+3.53,+17.087, +1.238,+0.956
1625669220,+3.53,+17.079, +1.251,+0.956
1625669820,+3.53,+17.062, +1.269,+0.956
1625670420,+3.53,+17.062, +1.277,+0.956
1625671020,+3.53,+17.053, +1.285,+0.957
1625671620,+3.53,+17.079, +1.294,+0.957
1625672220,+3.53,+17.079, +1.304,+0.957
1625672820,+3.53,+17.053, +1.316,+0.957
1625673420,+3.53,+17.070, +1.330,+0.957
1625674020,+3.53,+17.070, +1.334,+0.957
1625674620,+3.53,+17.053, +1.341,+0.957
1625675220,+3.53,+17.045, +1.344,+0.957
1625675820,+3.53,+17.062, +1.351,+0.957
1625676420,+3.53,+17.053, +1.363,+0.957
1625677020,+3.53,+17.053, +1.377,+0.957
1625677620,+3.53,+17.037, +1.391,+0.957
1625678220,+3.53,+17.045, +1.402,+0.957
1625678820,+3.53,+17.053, +1.417,+0.958
1625679420,+3.53,+17.062, +1.424,+0.957
1625680020,+3.53,+17.053, +1.439,+0.957
1625680620,+3.53,+17.062, +1.453,+0.957
1625681220,+3.53,+17.079, +1.455,+0.957
1625681820,+3.53,+17.079, +1.464,+0.958
1625682420,+3.53,+17.070, +1.476,+0.958
1625683020,+3.53,+17.079, +1.486,+0.958
1625683620,+3.53,+17.087, +1.494,+0.958
1625684220,+3.53,+17.079, +1.504,+0.958
1625684820,+3.53,+17.104, +1.514,+0.958
1625685420,+3.53,+17.087, +1.522,+0.958
1625686020,+3.53,+17.104, +1.521,+0.958
1625686620,+3.53,+17.087, +1.534,+0.958
1625687220,+3.53,+17.096, +1.544,+0.958
1625687820,+3.53,+17.087, +1.569,+0.958
1625688420,+3.53,+17.257, +1.807,+0.959
1625689020,+3.53,+17.384, +1.956,+0.959
1625689620,+3.53,+17.519, +2.261,+0.960
1625690220,+3.52,+17.671, +2.431,+0.960
1625690820,+3.52,+17.781, +2.612,+0.960
1625691420,+3.52,+17.629, +2.535,+0.959
1625692020,+3.52,+17.510, +2.532,+0.960
1625692620,+3.53,+17.316, +2.549,+0.960
1625693220,+3.53,+17.155, +2.577,+0.960
1625693820,+3.53,+16.994, +2.614,+0.960
1625694420,+3.53,+16.901, +2.647,+0.960
1625695020,+3.53,+16.825, +2.692,+0.960
1625695620,+3.52,+16.757, +2.725,+0.960
1625696220,+3.52,+16.689, +2.757,+0.960
1625696820,+3.52,+16.638, +2.785,+0.960
1625697420,+3.52,+16.595, +2.801,+0.960
1625698020,+3.52,+16.570, +2.821,+0.960
1625698620,+3.52,+16.544, +2.824,+0.960
1625699220,+3.52,+16.502, +2.838,+0.960
1625699820,+3.52,+16.493, +2.842,+0.960
1625700420,+3.52,+16.468, +2.851,+0.960
1625701020,+3.52,+16.476, +2.848,+0.960
1625701620,+3.52,+16.451, +2.851,+0.960
1625702220,+3.52,+16.442, +2.850,+0.960
1625702820,+3.52,+16.408, +2.852,+0.960
1625703420,+3.52,+16.425, +2.843,+0.960
1625704020,+3.52,+16.391, +2.847,+0.960
1625704620,+3.52,+16.417, +2.840,+0.960
1625705220,+3.52,+16.417, +2.835,+0.960
1625705820,+3.52,+16.408, +2.822,+0.960
