7450-728987
OS REV: 1.05 Sensor Cal: 1617729797
Time (sec),  BV (Volts),  T (deg C),  DO (mg/l),  Q ()
1629137760,+3.49,+16.833, +7.749,+0.955
1629138360,+3.49,+16.799, +7.759,+0.955
1629138960,+3.49,+16.791, +7.759,+0.955
1629139560,+3.49,+16.782, +7.762,+0.955
1629140160,+3.49,+16.799, +7.754,+0.955
1629140760,+3.49,+16.791, +7.756,+0.955
1629141360,+3.49,+16.816, +7.751,+0.955
1629141960,+3.49,+16.808, +7.757,+0.955
1629142560,+3.49,+16.816, +7.754,+0.955
1629143160,+3.49,+16.816, +7.744,+0.955
1629143760,+3.49,+16.816, +7.743,+0.955
1629144360,+3.49,+16.799, +7.747,+0.955
1629144960,+3.49,+16.791, +7.748,+0.955
1629145560,+3.49,+16.791, +7.743,+0.955
1629146160,+3.49,+16.782, +7.747,+0.955
1629146760,+3.49,+16.774, +7.752,+0.955
1629147360,+3.49,+16.782, +7.757,+0.956
1629147960,+3.49,+16.791, +7.749,+0.955
1629148560,+3.49,+16.808, +7.747,+0.955
1629149160,+3.50,+16.782, +7.753,+0.955
1629149760,+3.49,+16.791, +7.750,+0.955
1629150360,+3.50,+16.799, +7.738,+0.955
1629150960,+3.49,+16.774, +7.757,+0.955
1629151560,+3.50,+16.765, +7.757,+0.955
1629152160,+3.50,+16.808, +7.754,+0.956
1629152760,+3.50,+16.841, +7.741,+0.955
1629153360,+3.50,+16.841, +7.740,+0.955
1629153960,+3.50,+16.867, +7.732,+0.955
1629154560,+3.50,+16.884, +7.729,+0.955
1629155160,+3.50,+16.909, +7.725,+0.955
1629155760,+3.50,+16.884, +7.738,+0.956
1629156360,+3.50,+16.892, +7.727,+0.955
1629156960,+3.50,+16.901, +7.721,+0.955
1629157560,+3.50,+16.909, +7.722,+0.955
1629158160,+3.50,+16.918, +7.709,+0.955
1629158760,+3.50,+16.926, +7.710,+0.955
1629159360,+3.50,+16.926, +7.718,+0.955
1629159960,+3.50,+16.918, +7.714,+0.955
1629160560,+3.50,+16.909, +7.716,+0.956
1629161160,+3.50,+16.901, +7.690,+0.955
1629161760,+3.50,+16.892, +7.642,+0.955
1629162360,+3.50,+16.867, +7.613,+0.955
1629162960,+3.50,+16.867, +7.578,+0.955
1629163560,+3.50,+16.841, +7.564,+0.955
1629164160,+3.50,+16.841, +7.543,+0.955
1629164760,+3.50,+16.816, +7.529,+0.955
1629165360,+3.50,+16.808, +7.515,+0.955
1629165960,+3.50,+16.799, +7.501,+0.955
1629166560,+3.50,+16.791, +7.495,+0.955
1629167160,+3.50,+16.799, +7.486,+0.955
1629167760,+3.50,+16.799, +7.477,+0.955
1629168360,+3.50,+16.799, +7.466,+0.955
1629168960,+3.50,+16.791, +7.458,+0.955
1629169560,+3.50,+16.791, +7.457,+0.955
1629170160,+3.50,+16.799, +7.452,+0.955
1629170760,+3.50,+16.782, +7.450,+0.955
1629171360,+3.50,+16.799, +7.450,+0.955
1629171960,+3.50,+16.791, +7.444,+0.955
1629172560,+3.50,+16.799, +7.439,+0.955
1629173160,+3.50,+16.782, +7.442,+0.955
1629173760,+3.50,+16.808, +7.443,+0.955
1629174360,+3.50,+16.808, +7.436,+0.955
1629174960,+3.50,+16.799, +7.441,+0.955
1629175560,+3.50,+16.799, +7.440,+0.955
1629176160,+3.50,+16.816, +7.439,+0.956
1629176760,+3.50,+16.816, +7.432,+0.955
1629177360,+3.50,+16.833, +7.428,+0.955
1629177960,+3.50,+16.816, +7.438,+0.955
1629178560,+3.50,+16.825, +7.438,+0.955
1629179160,+3.50,+16.816, +7.442,+0.955
1629179760,+3.51,+16.858, +7.429,+0.955
1629180360,+3.51,+16.850, +7.428,+0.955
1629180960,+3.51,+16.858, +7.429,+0.955
1629181560,+3.51,+16.858, +7.433,+0.955
1629182160,+3.51,+16.850, +7.440,+0.955
1629182760,+3.51,+16.867, +7.431,+0.955
1629183360,+3.51,+16.858, +7.434,+0.955
1629183960,+3.51,+16.875, +7.441,+0.956
1629184560,+3.51,+16.875, +7.434,+0.955
1629185160,+3.51,+16.884, +7.435,+0.955
1629185760,+3.51,+16.884, +7.436,+0.955
1629186360,+3.51,+16.892, +7.430,+0.955
1629186960,+3.51,+16.901, +7.433,+0.955
1629187560,+3.51,+16.909, +7.431,+0.955
1629188160,+3.51,+16.918, +7.430,+0.955
1629188760,+3.51,+16.926, +7.430,+0.956
1629189360,+3.51,+16.926, +7.419,+0.955
1629189960,+3.51,+16.935, +7.427,+0.955
1629190560,+3.51,+16.943, +7.424,+0.955
1629191160,+3.51,+16.943, +7.426,+0.956
1629191760,+3.51,+16.935, +7.420,+0.955
1629192360,+3.51,+16.952, +7.418,+0.955
1629192960,+3.51,+16.952, +7.420,+0.955
1629193560,+3.51,+16.969, +7.417,+0.955
1629194160,+3.51,+16.977, +7.416,+0.955
1629194760,+3.51,+16.969, +7.420,+0.955
1629195360,+3.51,+16.977, +7.412,+0.955
1629195960,+3.51,+16.977, +7.410,+0.955
1629196560,+3.51,+16.977, +7.424,+0.956
1629197160,+3.51,+16.986, +7.414,+0.955
1629197760,+3.51,+16.986, +7.423,+0.956
1629198360,+3.51,+16.994, +7.410,+0.955
1629198960,+3.51,+17.020, +7.407,+0.955
1629199560,+3.51,+17.003, +7.409,+0.955
1629200160,+3.51,+17.003, +7.411,+0.955
1629200760,+3.51,+17.028, +7.415,+0.956
1629201360,+3.51,+17.003, +7.421,+0.956
1629201960,+3.51,+17.037, +7.401,+0.955
1629202560,+3.51,+17.003, +7.416,+0.955
1629203160,+3.51,+17.037, +7.402,+0.955
1629203760,+3.51,+17.011, +7.411,+0.955
1629204360,+3.51,+16.994, +7.411,+0.955
1629204960,+3.51,+16.969, +7.439,+0.955
1629205560,+3.51,+16.969, +7.476,+0.955
1629206160,+3.51,+16.952, +7.506,+0.955
1629206760,+3.51,+16.952, +7.530,+0.955
1629207360,+3.51,+16.952, +7.547,+0.955
1629207960,+3.51,+16.935, +7.568,+0.955
1629208560,+3.51,+16.926, +7.583,+0.955
1629209160,+3.51,+16.918, +7.594,+0.955
1629209760,+3.51,+16.884, +7.615,+0.955
1629210360,+3.51,+16.867, +7.627,+0.955
1629210960,+3.51,+16.867, +7.630,+0.955
1629211560,+3.51,+16.858, +7.632,+0.955
1629212160,+3.51,+16.858, +7.643,+0.955
1629212760,+3.51,+16.833, +7.663,+0.956
1629213360,+3.51,+16.825, +7.666,+0.955
1629213960,+3.51,+16.808, +7.677,+0.955
1629214560,+3.51,+16.833, +7.670,+0.955
1629215160,+3.51,+16.833, +7.683,+0.956
1629215760,+3.51,+16.825, +7.691,+0.956
1629216360,+3.51,+16.825, +7.685,+0.955
1629216960,+3.51,+16.833, +7.687,+0.955
1629217560,+3.51,+16.808, +7.692,+0.955
1629218160,+3.51,+16.816, +7.698,+0.955
1629218760,+3.51,+16.816, +7.697,+0.955
1629219360,+3.51,+16.808, +7.698,+0.955
1629219960,+3.51,+16.808, +7.703,+0.956
1629220560,+3.51,+16.816, +7.693,+0.955
1629221160,+3.51,+16.799, +7.701,+0.955
1629221760,+3.51,+16.799, +7.699,+0.955
1629222360,+3.51,+16.799, +7.704,+0.956
1629222960,+3.51,+16.808, +7.696,+0.955
1629223560,+3.51,+16.841, +7.694,+0.955
1629224160,+3.51,+16.850, +7.693,+0.955
