7450-728987
OS REV: 1.05 Sensor Cal: 1617729797
Time (sec),  BV (Volts),  T (deg C),  DO (mg/l),  Q ()
1629398760,+3.51,+16.357, +7.853,+0.955
1629399360,+3.51,+16.332, +7.854,+0.955
1629399960,+3.51,+16.340, +7.854,+0.955
1629400560,+3.51,+16.332, +7.856,+0.955
1629401160,+3.51,+16.323, +7.860,+0.955
1629401760,+3.51,+16.323, +7.869,+0.955
1629402360,+3.51,+16.332, +7.865,+0.955
1629402960,+3.51,+16.349, +7.860,+0.955
1629403560,+3.51,+16.349, +7.866,+0.955
1629404160,+3.51,+16.323, +7.871,+0.955
1629404760,+3.51,+16.349, +7.868,+0.955
1629405360,+3.51,+16.349, +7.877,+0.955
1629405960,+3.51,+16.357, +7.871,+0.955
1629406560,+3.51,+16.357, +7.869,+0.955
1629407160,+3.51,+16.374, +7.856,+0.955
1629407760,+3.51,+16.357, +7.863,+0.955
1629408360,+3.51,+16.357, +7.862,+0.955
1629408960,+3.51,+16.349, +7.860,+0.955
1629409560,+3.51,+16.366, +7.865,+0.956
1629410160,+3.51,+16.374, +7.859,+0.955
1629410760,+3.51,+16.357, +7.868,+0.955
1629411360,+3.51,+16.366, +7.866,+0.955
1629411960,+3.51,+16.374, +7.864,+0.955
1629412560,+3.51,+16.374, +7.866,+0.955
1629413160,+3.51,+16.383, +7.868,+0.955
1629413760,+3.51,+16.383, +7.868,+0.955
1629414360,+3.51,+16.408, +7.863,+0.955
1629414960,+3.51,+16.417, +7.861,+0.955
1629415560,+3.51,+16.417, +7.860,+0.955
1629416160,+3.51,+16.417, +7.858,+0.955
1629416760,+3.51,+16.417, +7.862,+0.955
1629417360,+3.51,+16.434, +7.857,+0.956
1629417960,+3.51,+16.434, +7.846,+0.955
1629418560,+3.51,+16.425, +7.846,+0.955
1629419160,+3.51,+16.417, +7.842,+0.955
1629419760,+3.51,+16.434, +7.833,+0.955
1629420360,+3.51,+16.425, +7.814,+0.955
1629420960,+3.51,+16.408, +7.772,+0.955
1629421560,+3.51,+16.408, +7.711,+0.955
1629422160,+3.51,+16.374, +7.680,+0.955
1629422760,+3.51,+16.366, +7.646,+0.955
1629423360,+3.51,+16.357, +7.618,+0.956
1629423960,+3.51,+16.340, +7.581,+0.955
1629424560,+3.51,+16.340, +7.555,+0.955
1629425160,+3.51,+16.314, +7.530,+0.955
1629425760,+3.51,+16.297, +7.521,+0.956
1629426360,+3.51,+16.289, +7.496,+0.955
1629426960,+3.51,+16.289, +7.481,+0.955
1629427560,+3.51,+16.272, +7.472,+0.956
1629428160,+3.51,+16.246, +7.462,+0.955
1629428760,+3.51,+16.238, +7.451,+0.955
1629429360,+3.51,+16.221, +7.447,+0.955
1629429960,+3.51,+16.212, +7.439,+0.955
1629430560,+3.51,+16.238, +7.431,+0.955
1629431160,+3.51,+16.246, +7.425,+0.955
1629431760,+3.51,+16.229, +7.417,+0.955
1629432360,+3.51,+16.229, +7.417,+0.955
1629432960,+3.51,+16.229, +7.418,+0.956
1629433560,+3.51,+16.238, +7.409,+0.955
1629434160,+3.51,+16.221, +7.408,+0.955
1629434760,+3.51,+16.221, +7.405,+0.955
1629435360,+3.51,+16.229, +7.412,+0.956
1629435960,+3.51,+16.212, +7.406,+0.955
1629436560,+3.51,+16.238, +7.393,+0.955
1629437160,+3.51,+16.212, +7.404,+0.955
1629437760,+3.51,+16.229, +7.405,+0.956
1629438360,+3.51,+16.221, +7.396,+0.955
1629438960,+3.51,+16.238, +7.393,+0.955
1629439560,+3.51,+16.195, +7.403,+0.956
1629440160,+3.51,+16.246, +7.389,+0.955
1629440760,+3.51,+16.229, +7.389,+0.955
1629441360,+3.51,+16.221, +7.394,+0.955
1629441960,+3.51,+16.221, +7.391,+0.955
1629442560,+3.51,+16.221, +7.394,+0.955
1629443160,+3.51,+16.204, +7.398,+0.955
1629443760,+3.51,+16.221, +7.390,+0.955
1629444360,+3.51,+16.221, +7.395,+0.956
1629444960,+3.51,+16.229, +7.393,+0.955
1629445560,+3.51,+16.221, +7.394,+0.956
1629446160,+3.51,+16.221, +7.392,+0.955
1629446760,+3.51,+16.204, +7.390,+0.955
1629447360,+3.51,+16.229, +7.392,+0.955
1629447960,+3.51,+16.238, +7.393,+0.956
1629448560,+3.51,+16.221, +7.390,+0.955
1629449160,+3.51,+16.221, +7.392,+0.955
1629449760,+3.51,+16.238, +7.390,+0.955
1629450360,+3.51,+16.229, +7.386,+0.955
1629450960,+3.51,+16.229, +7.385,+0.955
1629451560,+3.51,+16.212, +7.396,+0.955
1629452160,+3.51,+16.212, +7.398,+0.955
1629452760,+3.51,+16.221, +7.388,+0.955
1629453360,+3.51,+16.221, +7.391,+0.955
1629453960,+3.51,+16.229, +7.390,+0.955
1629454560,+3.51,+16.221, +7.393,+0.955
1629455160,+3.51,+16.204, +7.392,+0.955
1629455760,+3.51,+16.229, +7.393,+0.955
1629456360,+3.51,+16.221, +7.393,+0.955
1629456960,+3.51,+16.212, +7.391,+0.955
1629457560,+3.51,+16.221, +7.394,+0.955
1629458160,+3.51,+16.238, +7.396,+0.956
1629458760,+3.51,+16.221, +7.393,+0.955
1629459360,+3.51,+16.229, +7.391,+0.955
1629459960,+3.51,+16.221, +7.397,+0.955
1629460560,+3.51,+16.221, +7.398,+0.955
1629461160,+3.51,+16.229, +7.404,+0.956
1629461760,+3.51,+16.238, +7.395,+0.955
1629462360,+3.51,+16.221, +7.398,+0.955
1629462960,+3.51,+16.238, +7.400,+0.955
1629463560,+3.51,+16.204, +7.402,+0.955
1629464160,+3.51,+16.229, +7.437,+0.955
1629464760,+3.51,+16.255, +7.483,+0.955
1629465360,+3.51,+16.246, +7.522,+0.955
1629465960,+3.51,+16.238, +7.577,+0.956
1629466560,+3.51,+16.246, +7.604,+0.955
1629467160,+3.51,+16.246, +7.635,+0.955
1629467760,+3.51,+16.238, +7.666,+0.955
1629468360,+3.51,+16.255, +7.690,+0.955
1629468960,+3.51,+16.263, +7.716,+0.955
1629469560,+3.51,+16.263, +7.735,+0.955
1629470160,+3.51,+16.280, +7.750,+0.955
1629470760,+3.51,+16.272, +7.777,+0.955
1629471360,+3.51,+16.297, +7.788,+0.955
1629471960,+3.51,+16.297, +7.798,+0.955
1629472560,+3.51,+16.280, +7.824,+0.955
1629473160,+3.51,+16.280, +7.831,+0.955
1629473760,+3.51,+16.289, +7.839,+0.955
1629474360,+3.51,+16.297, +7.847,+0.955
1629474960,+3.51,+16.221, +7.877,+0.955
1629475560,+3.51,+16.195, +7.887,+0.956
1629476160,+3.51,+16.161, +7.907,+0.955
1629476760,+3.51,+16.153, +7.919,+0.956
1629477360,+3.51,+16.118, +7.932,+0.955
1629477960,+3.51,+16.110, +7.950,+0.955
1629478560,+3.51,+16.076, +7.970,+0.955
1629479160,+3.51,+16.067, +7.978,+0.955
1629479760,+3.51,+16.050, +7.987,+0.955
1629480360,+3.51,+16.050, +8.000,+0.955
1629480960,+3.51,+16.033, +8.003,+0.955
1629481560,+3.51,+16.050, +8.012,+0.955
1629482160,+3.51,+16.025, +8.024,+0.955
1629482760,+3.51,+16.016, +8.028,+0.955
1629483360,+3.51,+16.008, +8.035,+0.955
1629483960,+3.51,+16.016, +8.028,+0.955
1629484560,+3.51,+15.999, +8.041,+0.955
1629485160,+3.51,+15.999, +8.046,+0.955
