7450-728987
OS REV: 1.05 Sensor Cal: 1617729797
Time (sec),  BV (Volts),  T (deg C),  DO (mg/l),  Q ()
1627865160,+3.53,+23.195, +7.155,+0.956
1627865760,+3.53,+23.195, +7.153,+0.956
1627866360,+3.53,+23.203, +7.156,+0.956
1627866960,+3.53,+23.203, +7.162,+0.957
1627867560,+3.53,+23.245, +7.153,+0.956
1627868160,+3.53,+23.262, +7.152,+0.956
1627868760,+3.53,+23.278, +7.156,+0.957
1627869360,+3.53,+23.295, +7.152,+0.956
1627869960,+3.53,+23.312, +7.157,+0.957
1627870560,+3.53,+23.329, +7.150,+0.956
1627871160,+3.53,+23.345, +7.152,+0.956
1627871760,+3.53,+23.362, +7.151,+0.956
1627872360,+3.53,+23.370, +7.151,+0.956
1627872960,+3.53,+23.379, +7.147,+0.956
1627873560,+3.53,+23.404, +7.151,+0.956
1627874160,+3.53,+23.396, +7.150,+0.956
1627874760,+3.53,+23.404, +7.154,+0.956
1627875360,+3.53,+23.387, +7.155,+0.956
1627875960,+3.53,+23.404, +7.151,+0.956
1627876560,+3.53,+23.396, +7.155,+0.957
1627877160,+3.53,+23.404, +7.155,+0.956
1627877760,+3.53,+23.387, +7.154,+0.956
1627878360,+3.53,+23.370, +7.158,+0.956
1627878960,+3.53,+23.396, +7.157,+0.956
1627879560,+3.53,+23.370, +7.167,+0.957
1627880160,+3.53,+23.379, +7.165,+0.956
1627880760,+3.53,+23.379, +7.168,+0.956
1627881360,+3.53,+23.379, +7.165,+0.956
1627881960,+3.53,+23.387, +7.167,+0.956
1627882560,+3.53,+23.370, +7.170,+0.956
1627883160,+3.53,+23.379, +7.172,+0.956
1627883760,+3.53,+23.396, +7.165,+0.956
1627884360,+3.53,+23.370, +7.172,+0.956
1627884960,+3.53,+23.379, +7.175,+0.956
1627885560,+3.53,+23.379, +7.177,+0.956
1627886160,+3.53,+23.387, +7.172,+0.956
1627886760,+3.53,+23.387, +7.172,+0.956
1627887360,+3.53,+23.387, +7.168,+0.956
1627887960,+3.53,+23.387, +7.174,+0.956
1627888560,+3.53,+23.387, +7.177,+0.956
1627889160,+3.53,+23.396, +7.178,+0.957
1627889760,+3.53,+23.396, +7.176,+0.957
1627890360,+3.53,+23.412, +7.172,+0.956
1627890960,+3.53,+23.396, +7.177,+0.956
1627891560,+3.53,+23.412, +7.171,+0.956
1627892160,+3.53,+23.437, +7.165,+0.956
1627892760,+3.53,+23.446, +7.163,+0.956
1627893360,+3.53,+23.479, +7.160,+0.956
1627893960,+3.53,+23.496, +7.158,+0.957
1627894560,+3.53,+23.521, +7.152,+0.956
1627895160,+3.53,+23.580, +7.136,+0.956
1627895760,+3.53,+23.597, +7.139,+0.956
1627896360,+3.53,+23.613, +7.142,+0.957
1627896960,+3.53,+23.647, +7.134,+0.956
1627897560,+3.53,+23.697, +7.127,+0.956
1627898160,+3.53,+23.705, +7.123,+0.956
1627898760,+3.53,+23.739, +7.117,+0.956
1627899360,+3.53,+23.764, +7.117,+0.956
1627899960,+3.53,+23.773, +7.123,+0.957
1627900560,+3.53,+23.798, +7.118,+0.957
1627901160,+3.53,+23.814, +7.114,+0.956
1627901760,+3.53,+23.840, +7.112,+0.956
1627902360,+3.53,+23.856, +7.110,+0.956
1627902960,+3.53,+23.890, +7.104,+0.956
1627903560,+3.53,+23.923, +7.097,+0.956
1627904160,+3.53,+23.940, +7.106,+0.957
1627904760,+3.53,+23.949, +7.104,+0.957
1627905360,+3.53,+23.957, +7.099,+0.957
1627905960,+3.53,+23.982, +7.096,+0.957
1627906560,+3.53,+23.990, +7.095,+0.957
1627907160,+3.53,+23.999, +7.106,+0.957
1627907760,+3.53,+23.974, +7.104,+0.957
1627908360,+3.53,+23.932, +7.110,+0.957
1627908960,+3.53,+23.881, +7.117,+0.957
1627909560,+3.53,+23.840, +7.117,+0.956
1627910160,+3.53,+23.806, +7.130,+0.957
1627910760,+3.53,+23.773, +7.125,+0.957
1627911360,+3.53,+23.756, +7.129,+0.957
1627911960,+3.53,+23.722, +7.130,+0.956
1627912560,+3.53,+23.739, +7.125,+0.956
1627913160,+3.53,+23.747, +7.130,+0.957
1627913760,+3.53,+23.764, +7.125,+0.956
1627914360,+3.53,+23.798, +7.120,+0.957
1627914960,+3.53,+23.798, +7.127,+0.957
1627915560,+3.53,+23.823, +7.118,+0.957
1627916160,+3.53,+23.814, +7.115,+0.956
1627916760,+3.53,+23.823, +7.115,+0.957
1627917360,+3.53,+23.848, +7.104,+0.956
1627917960,+3.53,+23.840, +7.105,+0.956
1627918560,+3.53,+23.848, +7.099,+0.957
1627919160,+3.53,+23.848, +7.090,+0.956
1627919760,+3.53,+23.856, +7.092,+0.957
1627920360,+3.53,+23.865, +7.096,+0.957
1627920960,+3.53,+23.873, +7.087,+0.957
1627921560,+3.53,+23.881, +7.079,+0.956
1627922160,+3.53,+23.865, +7.080,+0.957
1627922760,+3.53,+23.823, +7.086,+0.957
1627923360,+3.53,+23.773, +7.091,+0.956
1627923960,+3.53,+23.756, +7.091,+0.957
1627924560,+3.53,+23.697, +7.106,+0.957
1627925160,+3.53,+23.664, +7.101,+0.956
1627925760,+3.53,+23.647, +7.101,+0.956
1627926360,+3.53,+23.605, +7.110,+0.957
1627926960,+3.53,+23.580, +7.113,+0.957
1627927560,+3.53,+23.563, +7.105,+0.956
1627928160,+3.53,+23.546, +7.121,+0.957
1627928760,+3.53,+23.571, +7.112,+0.957
1627929360,+3.53,+23.571, +7.106,+0.956
1627929960,+3.53,+23.580, +7.105,+0.957
1627930560,+3.53,+23.571, +7.104,+0.957
1627931160,+3.53,+23.588, +7.099,+0.956
1627931760,+3.53,+23.563, +7.098,+0.956
1627932360,+3.53,+23.588, +7.094,+0.956
1627932960,+3.53,+23.580, +7.092,+0.956
1627933560,+3.53,+23.563, +7.096,+0.956
1627934160,+3.53,+23.538, +7.100,+0.957
1627934760,+3.53,+23.504, +7.100,+0.956
1627935360,+3.53,+23.454, +7.104,+0.956
1627935960,+3.53,+23.446, +7.106,+0.956
1627936560,+3.53,+23.421, +7.113,+0.956
1627937160,+3.53,+23.387, +7.122,+0.957
1627937760,+3.53,+23.379, +7.119,+0.956
1627938360,+3.53,+23.329, +7.138,+0.956
1627938960,+3.53,+23.329, +7.139,+0.956
1627939560,+3.53,+23.329, +7.136,+0.956
1627940160,+3.53,+23.337, +7.130,+0.956
1627940760,+3.53,+23.354, +7.122,+0.956
1627941360,+3.53,+23.362, +7.116,+0.956
1627941960,+3.53,+23.379, +7.114,+0.956
1627942560,+3.53,+23.396, +7.112,+0.957
1627943160,+3.53,+23.404, +7.110,+0.957
1627943760,+3.53,+23.437, +7.093,+0.956
1627944360,+3.53,+23.488, +7.092,+0.956
1627944960,+3.53,+23.488, +7.091,+0.956
1627945560,+3.53,+23.521, +7.091,+0.957
1627946160,+3.53,+23.538, +7.088,+0.956
1627946760,+3.53,+23.555, +7.081,+0.956
1627947360,+3.53,+23.571, +7.085,+0.957
1627947960,+3.53,+23.597, +7.085,+0.957
1627948560,+3.53,+23.613, +7.079,+0.956
1627949160,+3.53,+23.622, +7.088,+0.957
1627949760,+3.53,+23.647, +7.079,+0.956
1627950360,+3.53,+23.647, +7.085,+0.956
1627950960,+3.53,+23.672, +7.079,+0.956
1627951560,+3.53,+23.689, +7.080,+0.957
