7450-728987
OS REV: 1.05 Sensor Cal: 1617729797
Time (sec),  BV (Volts),  T (deg C),  DO (mg/l),  Q ()
1629224760,+3.51,+16.867, +7.685,+0.955
1629225360,+3.51,+16.901, +7.685,+0.955
1629225960,+3.51,+16.943, +7.675,+0.955
1629226560,+3.51,+16.969, +7.671,+0.955
1629227160,+3.51,+16.994, +7.664,+0.955
1629227760,+3.51,+17.011, +7.645,+0.955
1629228360,+3.51,+17.028, +7.645,+0.955
1629228960,+3.51,+17.045, +7.634,+0.955
1629229560,+3.51,+17.062, +7.629,+0.955
1629230160,+3.51,+17.062, +7.626,+0.955
1629230760,+3.51,+17.062, +7.630,+0.955
1629231360,+3.51,+17.079, +7.618,+0.956
1629231960,+3.51,+17.087, +7.617,+0.955
1629232560,+3.51,+17.087, +7.612,+0.955
1629233160,+3.51,+17.087, +7.603,+0.955
1629233760,+3.51,+17.096, +7.607,+0.955
1629234360,+3.51,+17.087, +7.608,+0.955
1629234960,+3.51,+17.087, +7.603,+0.955
1629235560,+3.51,+17.087, +7.606,+0.955
1629236160,+3.51,+17.087, +7.612,+0.955
1629236760,+3.51,+17.087, +7.611,+0.955
1629237360,+3.51,+17.104, +7.608,+0.955
1629237960,+3.51,+17.096, +7.610,+0.955
1629238560,+3.51,+17.121, +7.603,+0.955
1629239160,+3.51,+17.113, +7.605,+0.955
1629239760,+3.51,+17.079, +7.621,+0.955
1629240360,+3.51,+17.130, +7.611,+0.956
1629240960,+3.51,+17.130, +7.619,+0.955
1629241560,+3.51,+17.138, +7.623,+0.955
1629242160,+3.51,+17.138, +7.622,+0.955
1629242760,+3.51,+17.130, +7.632,+0.955
1629243360,+3.51,+17.138, +7.635,+0.956
1629243960,+3.51,+17.138, +7.638,+0.955
1629244560,+3.51,+17.113, +7.648,+0.955
1629245160,+3.51,+17.155, +7.640,+0.955
1629245760,+3.51,+17.138, +7.638,+0.955
1629246360,+3.51,+17.121, +7.647,+0.955
1629246960,+3.51,+17.147, +7.643,+0.955
1629247560,+3.51,+17.113, +7.635,+0.955
1629248160,+3.51,+17.104, +7.586,+0.955
1629248760,+3.51,+17.113, +7.548,+0.955
1629249360,+3.51,+17.130, +7.515,+0.955
1629249960,+3.51,+17.113, +7.499,+0.955
1629250560,+3.51,+17.121, +7.488,+0.956
1629251160,+3.51,+17.147, +7.462,+0.955
1629251760,+3.51,+17.147, +7.455,+0.955
1629252360,+3.51,+17.155, +7.443,+0.955
1629252960,+3.51,+17.181, +7.433,+0.955
1629253560,+3.51,+17.164, +7.433,+0.955
1629254160,+3.51,+17.181, +7.434,+0.955
1629254760,+3.51,+17.189, +7.436,+0.956
1629255360,+3.51,+17.214, +7.423,+0.955
1629255960,+3.51,+17.223, +7.417,+0.955
1629256560,+3.51,+17.214, +7.426,+0.955
1629257160,+3.51,+17.240, +7.419,+0.955
1629257760,+3.51,+17.257, +7.410,+0.955
1629258360,+3.51,+17.257, +7.417,+0.955
1629258960,+3.51,+17.274, +7.411,+0.955
1629259560,+3.51,+17.282, +7.412,+0.955
1629260160,+3.51,+17.291, +7.410,+0.955
1629260760,+3.51,+17.299, +7.410,+0.955
1629261360,+3.51,+17.316, +7.405,+0.955
1629261960,+3.51,+17.316, +7.408,+0.955
1629262560,+3.51,+17.324, +7.411,+0.955
1629263160,+3.51,+17.324, +7.408,+0.955
1629263760,+3.51,+17.341, +7.409,+0.955
1629264360,+3.51,+17.350, +7.408,+0.955
1629264960,+3.51,+17.350, +7.411,+0.955
1629265560,+3.51,+17.350, +7.414,+0.955
1629266160,+3.51,+17.341, +7.419,+0.956
1629266760,+3.51,+17.358, +7.413,+0.955
1629267360,+3.51,+17.375, +7.412,+0.955
1629267960,+3.51,+17.375, +7.411,+0.955
1629268560,+3.51,+17.392, +7.407,+0.955
1629269160,+3.51,+17.409, +7.405,+0.955
1629269760,+3.51,+17.392, +7.408,+0.955
1629270360,+3.51,+17.401, +7.406,+0.955
1629270960,+3.51,+17.409, +7.409,+0.955
1629271560,+3.51,+17.401, +7.414,+0.955
1629272160,+3.51,+17.401, +7.407,+0.955
1629272760,+3.51,+17.417, +7.414,+0.955
1629273360,+3.51,+17.409, +7.417,+0.955
1629273960,+3.51,+17.417, +7.417,+0.955
1629274560,+3.51,+17.443, +7.413,+0.955
1629275160,+3.51,+17.434, +7.416,+0.955
1629275760,+3.51,+17.443, +7.411,+0.955
1629276360,+3.51,+17.443, +7.416,+0.955
1629276960,+3.51,+17.443, +7.415,+0.955
1629277560,+3.51,+17.443, +7.417,+0.955
1629278160,+3.51,+17.460, +7.416,+0.955
1629278760,+3.51,+17.451, +7.414,+0.955
1629279360,+3.51,+17.443, +7.418,+0.955
1629279960,+3.51,+17.468, +7.414,+0.955
1629280560,+3.51,+17.451, +7.421,+0.955
1629281160,+3.51,+17.460, +7.428,+0.955
1629281760,+3.51,+17.460, +7.433,+0.955
1629282360,+3.51,+17.460, +7.438,+0.955
1629282960,+3.51,+17.451, +7.447,+0.955
1629283560,+3.51,+17.460, +7.460,+0.955
1629284160,+3.51,+17.451, +7.474,+0.955
1629284760,+3.51,+17.468, +7.472,+0.955
1629285360,+3.51,+17.468, +7.478,+0.955
1629285960,+3.51,+17.460, +7.487,+0.955
1629286560,+3.51,+17.468, +7.494,+0.955
1629287160,+3.51,+17.460, +7.498,+0.955
1629287760,+3.51,+17.460, +7.506,+0.955
1629288360,+3.51,+17.468, +7.502,+0.955
1629288960,+3.51,+17.460, +7.500,+0.955
1629289560,+3.51,+17.468, +7.508,+0.955
1629290160,+3.51,+17.460, +7.520,+0.955
1629290760,+3.51,+17.426, +7.524,+0.955
1629291360,+3.51,+17.426, +7.542,+0.955
1629291960,+3.51,+17.417, +7.589,+0.955
1629292560,+3.51,+17.426, +7.615,+0.955
1629293160,+3.51,+17.409, +7.640,+0.955
1629293760,+3.51,+17.409, +7.667,+0.955
1629294360,+3.51,+17.409, +7.680,+0.955
1629294960,+3.51,+17.392, +7.697,+0.955
1629295560,+3.51,+17.384, +7.700,+0.955
1629296160,+3.51,+17.401, +7.707,+0.955
1629296760,+3.51,+17.401, +7.712,+0.955
1629297360,+3.51,+17.384, +7.715,+0.955
1629297960,+3.51,+17.358, +7.726,+0.955
1629298560,+3.51,+17.367, +7.722,+0.955
1629299160,+3.51,+17.358, +7.730,+0.955
1629299760,+3.51,+17.350, +7.727,+0.955
1629300360,+3.51,+17.358, +7.727,+0.955
1629300960,+3.51,+17.350, +7.733,+0.955
1629301560,+3.51,+17.341, +7.733,+0.955
1629302160,+3.51,+17.333, +7.743,+0.955
1629302760,+3.51,+17.316, +7.749,+0.955
1629303360,+3.51,+17.316, +7.748,+0.955
1629303960,+3.51,+17.308, +7.753,+0.955
1629304560,+3.51,+17.324, +7.750,+0.955
1629305160,+3.51,+17.291, +7.761,+0.955
1629305760,+3.51,+17.308, +7.753,+0.955
1629306360,+3.51,+17.308, +7.761,+0.955
1629306960,+3.51,+17.274, +7.766,+0.955
1629307560,+3.51,+17.274, +7.760,+0.955
1629308160,+3.51,+17.282, +7.758,+0.955
1629308760,+3.51,+17.265, +7.771,+0.955
1629309360,+3.51,+17.257, +7.764,+0.955
1629309960,+3.51,+17.257, +7.767,+0.955
1629310560,+3.51,+17.248, +7.765,+0.955
1629311160,+3.51,+17.240, +7.776,+0.955
