7450-728987
OS REV: 1.05 Sensor Cal: 1617729797
Time (sec),  BV (Volts),  T (deg C),  DO (mg/l),  Q ()
1627082160,+3.53,+24.125, +6.905,+0.955
1627082760,+3.53,+24.125, +6.905,+0.955
1627083360,+3.53,+24.167, +6.902,+0.956
1627083960,+3.53,+24.158, +6.901,+0.956
1627084560,+3.53,+24.167, +6.897,+0.955
1627085160,+3.53,+24.167, +6.901,+0.956
1627085760,+3.53,+24.183, +6.895,+0.956
1627086360,+3.53,+24.192, +6.899,+0.956
1627086960,+3.53,+24.192, +6.894,+0.955
1627087560,+3.53,+24.234, +6.888,+0.955
1627088160,+3.53,+24.250, +6.895,+0.956
1627088760,+3.53,+24.267, +6.882,+0.955
1627089360,+3.53,+24.301, +6.887,+0.956
1627089960,+3.53,+24.334, +6.879,+0.955
1627090560,+3.53,+24.368, +6.873,+0.955
1627091160,+3.53,+24.410, +6.877,+0.956
1627091760,+3.53,+24.402, +6.881,+0.955
1627092360,+3.53,+24.435, +6.881,+0.955
1627092960,+3.53,+24.418, +6.889,+0.955
1627093560,+3.53,+24.418, +6.896,+0.955
1627094160,+3.53,+24.444, +6.903,+0.956
1627094760,+3.53,+24.620, +6.995,+0.956
1627095360,+3.53,+24.536, +7.011,+0.955
1627095960,+3.53,+24.452, +7.033,+0.956
1627096560,+3.53,+24.393, +7.039,+0.955
1627097160,+3.53,+24.343, +7.054,+0.955
1627097760,+3.53,+24.292, +7.067,+0.955
1627098360,+3.53,+24.267, +7.067,+0.955
1627098960,+3.53,+24.242, +7.083,+0.956
1627099560,+3.53,+24.225, +7.079,+0.955
1627100160,+3.53,+24.192, +7.094,+0.956
1627100760,+3.53,+24.200, +7.085,+0.955
1627101360,+3.53,+24.200, +7.085,+0.955
1627101960,+3.53,+24.209, +7.085,+0.955
1627102560,+3.53,+24.209, +7.083,+0.955
1627103160,+3.53,+24.209, +7.095,+0.956
1627103760,+3.53,+24.209, +7.089,+0.955
1627104360,+3.53,+24.225, +7.081,+0.955
1627104960,+3.53,+24.225, +7.083,+0.955
1627105560,+3.53,+24.225, +7.094,+0.956
1627106160,+3.53,+24.242, +7.089,+0.956
1627106760,+3.53,+24.242, +7.093,+0.956
1627107360,+3.53,+24.259, +7.088,+0.956
1627107960,+3.53,+24.259, +7.086,+0.955
1627108560,+3.53,+24.259, +7.091,+0.956
1627109160,+3.53,+24.284, +7.088,+0.956
1627109760,+3.53,+24.267, +7.096,+0.956
1627110360,+3.53,+24.284, +7.096,+0.956
1627110960,+3.53,+24.292, +7.098,+0.956
1627111560,+3.53,+24.301, +7.094,+0.956
1627112160,+3.53,+24.318, +7.092,+0.956
1627112760,+3.53,+24.309, +7.094,+0.956
1627113360,+3.53,+24.309, +7.094,+0.956
1627113960,+3.53,+24.309, +7.091,+0.955
1627114560,+3.53,+24.318, +7.098,+0.956
1627115160,+3.53,+24.318, +7.097,+0.956
1627115760,+3.53,+24.318, +7.098,+0.956
1627116360,+3.53,+24.309, +7.096,+0.955
1627116960,+3.53,+24.318, +7.105,+0.956
1627117560,+3.53,+24.334, +7.098,+0.956
1627118160,+3.53,+24.309, +7.106,+0.956
1627118760,+3.53,+24.326, +7.102,+0.956
1627119360,+3.53,+24.318, +7.100,+0.956
1627119960,+3.53,+24.334, +7.099,+0.956
1627120560,+3.53,+24.326, +7.100,+0.956
1627121160,+3.53,+24.309, +7.112,+0.956
1627121760,+3.53,+24.326, +7.106,+0.956
1627122360,+3.53,+24.334, +7.107,+0.956
1627122960,+3.53,+24.326, +7.111,+0.956
1627123560,+3.53,+24.318, +7.102,+0.955
1627124160,+3.53,+24.309, +7.111,+0.956
1627124760,+3.53,+24.334, +7.107,+0.956
1627125360,+3.53,+24.326, +7.106,+0.956
1627125960,+3.53,+24.326, +7.107,+0.956
1627126560,+3.53,+24.301, +7.116,+0.956
1627127160,+3.53,+24.326, +7.111,+0.956
1627127760,+3.53,+24.309, +7.116,+0.956
1627128360,+3.53,+24.309, +7.113,+0.956
1627128960,+3.53,+24.292, +7.117,+0.956
1627129560,+3.53,+24.309, +7.116,+0.956
1627130160,+3.53,+24.301, +7.113,+0.955
1627130760,+3.53,+24.292, +7.117,+0.956
1627131360,+3.53,+24.292, +7.118,+0.956
1627131960,+3.53,+24.301, +7.119,+0.956
1627132560,+3.53,+24.267, +7.129,+0.956
1627133160,+3.53,+24.284, +7.121,+0.955
1627133760,+3.53,+24.284, +7.126,+0.956
1627134360,+3.53,+24.267, +7.122,+0.955
1627134960,+3.53,+24.276, +7.131,+0.956
1627135560,+3.53,+24.250, +7.127,+0.956
1627136160,+3.53,+24.242, +7.132,+0.956
1627136760,+3.53,+24.225, +7.130,+0.956
1627137360,+3.53,+24.209, +7.141,+0.956
1627137960,+3.53,+24.192, +7.135,+0.956
1627138560,+3.53,+24.167, +7.136,+0.955
1627139160,+3.53,+24.150, +7.139,+0.956
1627139760,+3.53,+24.141, +7.132,+0.955
1627140360,+3.53,+24.133, +7.137,+0.956
1627140960,+3.53,+24.116, +7.141,+0.956
1627141560,+3.53,+24.116, +7.141,+0.956
1627142160,+3.53,+24.083, +7.146,+0.956
1627142760,+3.53,+24.058, +7.151,+0.956
1627143360,+3.53,+24.041, +7.158,+0.956
1627143960,+3.53,+24.016, +7.153,+0.956
1627144560,+3.53,+23.990, +7.159,+0.956
1627145160,+3.53,+23.982, +7.152,+0.956
1627145760,+3.53,+23.957, +7.149,+0.955
1627146360,+3.53,+23.923, +7.155,+0.955
1627146960,+3.53,+23.865, +7.170,+0.956
1627147560,+3.53,+23.840, +7.171,+0.956
1627148160,+3.53,+23.789, +7.178,+0.956
1627148760,+3.53,+23.764, +7.176,+0.956
1627149360,+3.53,+23.731, +7.181,+0.956
1627149960,+3.53,+23.697, +7.183,+0.956
1627150560,+3.53,+23.664, +7.186,+0.956
1627151160,+3.53,+23.647, +7.181,+0.955
1627151760,+3.53,+23.622, +7.188,+0.956
1627152360,+3.53,+23.588, +7.193,+0.956
1627152960,+3.53,+23.563, +7.193,+0.955
1627153560,+3.53,+23.546, +7.194,+0.955
1627154160,+3.53,+23.563, +7.188,+0.955
1627154760,+3.53,+23.513, +7.197,+0.956
1627155360,+3.53,+23.530, +7.188,+0.955
1627155960,+3.53,+23.496, +7.198,+0.956
1627156560,+3.53,+23.488, +7.192,+0.955
1627157160,+3.53,+23.471, +7.192,+0.955
1627157760,+3.53,+23.463, +7.191,+0.955
1627158360,+3.53,+23.454, +7.191,+0.955
1627158960,+3.53,+23.463, +7.190,+0.955
1627159560,+3.53,+23.446, +7.192,+0.955
1627160160,+3.53,+23.437, +7.195,+0.955
1627160760,+3.53,+23.421, +7.195,+0.955
1627161360,+3.53,+23.429, +7.191,+0.955
1627161960,+3.53,+23.404, +7.203,+0.956
1627162560,+3.53,+23.421, +7.194,+0.956
1627163160,+3.53,+23.412, +7.198,+0.956
1627163760,+3.53,+23.421, +7.193,+0.955
1627164360,+3.53,+23.421, +7.194,+0.956
1627164960,+3.53,+23.429, +7.187,+0.955
1627165560,+3.53,+23.429, +7.183,+0.955
1627166160,+3.53,+23.429, +7.185,+0.955
1627166760,+3.53,+23.446, +7.182,+0.955
1627167360,+3.53,+23.454, +7.185,+0.955
1627167960,+3.53,+23.454, +7.186,+0.955
1627168560,+3.53,+23.437, +7.189,+0.955
