7450-728987
OS REV: 1.05 Sensor Cal: 1617729797
Time (sec),  BV (Volts),  T (deg C),  DO (mg/l),  Q ()
1629833760,+3.51,+16.084, +8.101,+0.955
1629834360,+3.51,+16.101, +8.103,+0.955
1629834960,+3.51,+16.118, +8.094,+0.955
1629835560,+3.51,+16.110, +8.101,+0.955
1629836160,+3.51,+16.110, +8.099,+0.955
1629836760,+3.51,+16.101, +8.105,+0.956
1629837360,+3.51,+16.110, +8.103,+0.955
1629837960,+3.51,+16.093, +8.113,+0.955
1629838560,+3.51,+16.093, +8.115,+0.956
1629839160,+3.51,+16.110, +8.101,+0.955
1629839760,+3.51,+16.101, +8.099,+0.955
1629840360,+3.51,+16.093, +8.104,+0.955
1629840960,+3.51,+16.110, +8.094,+0.955
1629841560,+3.51,+16.118, +8.103,+0.956
1629842160,+3.51,+16.118, +8.094,+0.955
1629842760,+3.51,+16.101, +8.103,+0.955
1629843360,+3.51,+16.110, +8.094,+0.955
1629843960,+3.51,+16.110, +8.100,+0.955
1629844560,+3.51,+16.110, +8.105,+0.956
1629845160,+3.51,+16.101, +8.102,+0.956
1629845760,+3.51,+16.110, +8.094,+0.955
1629846360,+3.51,+16.101, +8.093,+0.955
1629846960,+3.51,+16.101, +8.094,+0.955
1629847560,+3.51,+16.110, +8.090,+0.955
1629848160,+3.51,+16.101, +8.083,+0.955
1629848760,+3.51,+16.084, +8.095,+0.955
1629849360,+3.51,+16.110, +8.082,+0.955
1629849960,+3.51,+16.084, +8.090,+0.955
1629850560,+3.51,+16.110, +8.082,+0.955
1629851160,+3.51,+16.101, +8.083,+0.955
1629851760,+3.51,+16.110, +8.074,+0.955
1629852360,+3.51,+16.093, +8.058,+0.955
1629852960,+3.51,+16.101, +7.978,+0.955
1629853560,+3.51,+16.093, +7.914,+0.955
1629854160,+3.51,+16.067, +7.857,+0.955
1629854760,+3.51,+16.050, +7.814,+0.955
1629855360,+3.51,+16.042, +7.775,+0.955
1629855960,+3.51,+16.033, +7.738,+0.955
1629856560,+3.51,+16.016, +7.711,+0.956
1629857160,+3.51,+16.025, +7.666,+0.955
1629857760,+3.51,+16.016, +7.646,+0.955
1629858360,+3.51,+16.025, +7.628,+0.956
1629858960,+3.51,+16.008, +7.605,+0.955
1629859560,+3.51,+16.008, +7.585,+0.955
1629860160,+3.51,+16.008, +7.566,+0.955
1629860760,+3.51,+15.991, +7.557,+0.955
1629861360,+3.51,+15.999, +7.542,+0.955
1629861960,+3.51,+15.999, +7.533,+0.955
1629862560,+3.51,+15.999, +7.518,+0.955
1629863160,+3.51,+15.999, +7.510,+0.955
1629863760,+3.51,+15.999, +7.508,+0.955
1629864360,+3.51,+16.008, +7.499,+0.955
1629864960,+3.51,+15.999, +7.491,+0.955
1629865560,+3.51,+15.982, +7.492,+0.955
1629866160,+3.51,+16.016, +7.471,+0.955
1629866760,+3.51,+15.999, +7.482,+0.955
1629867360,+3.51,+15.999, +7.478,+0.955
1629867960,+3.51,+15.999, +7.473,+0.955
1629868560,+3.51,+15.991, +7.473,+0.955
1629869160,+3.51,+15.982, +7.473,+0.955
1629869760,+3.51,+16.016, +7.456,+0.955
1629870360,+3.51,+15.991, +7.467,+0.955
1629870960,+3.51,+15.999, +7.463,+0.955
1629871560,+3.51,+15.982, +7.467,+0.955
1629872160,+3.51,+15.991, +7.459,+0.955
1629872760,+3.51,+15.991, +7.462,+0.955
1629873360,+3.51,+15.991, +7.456,+0.955
1629873960,+3.51,+16.008, +7.449,+0.955
1629874560,+3.51,+15.999, +7.457,+0.955
1629875160,+3.51,+15.999, +7.455,+0.955
1629875760,+3.51,+15.982, +7.459,+0.955
1629876360,+3.51,+15.973, +7.461,+0.955
1629876960,+3.51,+15.982, +7.452,+0.955
1629877560,+3.51,+15.982, +7.461,+0.955
1629878160,+3.51,+15.991, +7.454,+0.955
1629878760,+3.51,+15.991, +7.460,+0.955
1629879360,+3.51,+15.982, +7.456,+0.955
1629879960,+3.51,+15.982, +7.458,+0.955
1629880560,+3.51,+15.991, +7.455,+0.955
1629881160,+3.51,+15.982, +7.455,+0.955
1629881760,+3.51,+15.991, +7.456,+0.955
1629882360,+3.51,+15.982, +7.457,+0.955
1629882960,+3.51,+15.991, +7.450,+0.955
1629883560,+3.51,+15.991, +7.450,+0.955
1629884160,+3.51,+15.991, +7.457,+0.956
1629884760,+3.51,+15.982, +7.456,+0.955
1629885360,+3.51,+15.982, +7.449,+0.955
1629885960,+3.51,+15.982, +7.455,+0.955
1629886560,+3.51,+15.999, +7.446,+0.955
1629887160,+3.51,+15.982, +7.459,+0.955
1629887760,+3.51,+15.973, +7.459,+0.955
1629888360,+3.51,+15.982, +7.460,+0.955
1629888960,+3.51,+15.982, +7.459,+0.955
1629889560,+3.51,+15.973, +7.461,+0.955
1629890160,+3.51,+15.991, +7.456,+0.955
1629890760,+3.51,+15.982, +7.463,+0.956
1629891360,+3.51,+15.991, +7.454,+0.955
1629891960,+3.51,+15.982, +7.458,+0.955
1629892560,+3.51,+15.991, +7.454,+0.955
1629893160,+3.51,+15.982, +7.463,+0.955
1629893760,+3.51,+15.991, +7.456,+0.955
1629894360,+3.51,+15.965, +7.466,+0.955
1629894960,+3.51,+15.982, +7.459,+0.955
1629895560,+3.51,+15.973, +7.462,+0.955
1629896160,+3.51,+15.991, +7.499,+0.955
1629896760,+3.51,+15.982, +7.572,+0.955
1629897360,+3.51,+16.008, +7.632,+0.955
1629897960,+3.51,+16.016, +7.686,+0.955
1629898560,+3.51,+16.025, +7.736,+0.955
1629899160,+3.51,+16.042, +7.779,+0.955
1629899760,+3.51,+16.042, +7.827,+0.955
1629900360,+3.51,+16.059, +7.853,+0.955
1629900960,+3.51,+16.059, +7.892,+0.956
1629901560,+3.51,+16.084, +7.911,+0.955
1629902160,+3.51,+16.050, +7.942,+0.955
1629902760,+3.51,+16.076, +7.965,+0.955
1629903360,+3.51,+16.084, +7.979,+0.955
1629903960,+3.51,+16.076, +7.998,+0.955
1629904560,+3.51,+16.067, +8.024,+0.956
1629905160,+3.51,+16.084, +8.022,+0.955
1629905760,+3.51,+16.076, +8.046,+0.955
1629906360,+3.51,+16.084, +8.059,+0.955
1629906960,+3.51,+16.084, +8.060,+0.955
1629907560,+3.51,+16.093, +8.072,+0.955
1629908160,+3.51,+16.101, +8.075,+0.955
1629908760,+3.51,+16.101, +8.085,+0.955
1629909360,+3.51,+16.084, +8.099,+0.955
1629909960,+3.51,+16.093, +8.108,+0.956
1629910560,+3.51,+16.093, +8.103,+0.955
1629911160,+3.51,+16.110, +8.110,+0.956
1629911760,+3.51,+16.118, +8.107,+0.955
1629912360,+3.51,+16.093, +8.119,+0.955
1629912960,+3.51,+16.101, +8.120,+0.955
1629913560,+3.51,+16.118, +8.114,+0.955
1629914160,+3.51,+16.084, +8.125,+0.955
1629914760,+3.51,+16.093, +8.126,+0.955
1629915360,+3.51,+16.093, +8.130,+0.955
1629915960,+3.51,+16.110, +8.123,+0.955
1629916560,+3.51,+16.118, +8.124,+0.955
1629917160,+3.51,+16.101, +8.134,+0.955
1629917760,+3.51,+16.127, +8.136,+0.956
1629918360,+3.51,+16.110, +8.137,+0.955
1629918960,+3.51,+16.118, +8.134,+0.955
1629919560,+3.51,+16.118, +8.131,+0.955
1629920160,+3.51,+16.101, +8.141,+0.955
