7450-736634
OS REV: 1.05 Sensor Cal: 1617731066
Time (sec),  BV (Volts),  T (deg C),  DO (mg/l),  Q ()
1630702680,+3.50,+15.918, +8.522,+0.973
1630703280,+3.49,+15.953, +8.512,+0.974
1630703880,+3.50,+15.961, +8.499,+0.973
1630704480,+3.50,+15.953, +8.502,+0.973
1630705080,+3.50,+15.987, +8.490,+0.973
1630705680,+3.50,+15.987, +8.492,+0.974
1630706280,+3.50,+15.978, +8.488,+0.974
1630706880,+3.50,+15.995, +8.466,+0.973
1630707480,+3.50,+15.995, +8.469,+0.974
1630708080,+3.50,+15.987, +8.470,+0.973
1630708680,+3.50,+15.987, +8.466,+0.974
1630709280,+3.50,+15.987, +8.453,+0.974
1630709880,+3.50,+15.978, +8.448,+0.973
1630710480,+3.49,+15.995, +8.443,+0.974
1630711080,+3.50,+15.995, +8.433,+0.973
1630711680,+3.50,+15.978, +8.430,+0.974
1630712280,+3.50,+15.995, +8.414,+0.973
1630712880,+3.50,+16.012, +8.397,+0.973
1630713480,+3.50,+16.012, +8.396,+0.974
1630714080,+3.50,+15.987, +8.376,+0.974
1630714680,+3.50,+15.995, +8.357,+0.973
1630715280,+3.50,+15.987, +8.345,+0.973
1630715880,+3.50,+15.970, +8.329,+0.973
1630716480,+3.50,+15.953, +8.322,+0.973
1630717080,+3.50,+15.978, +8.246,+0.973
1630717680,+3.50,+15.927, +8.172,+0.974
1630718280,+3.50,+15.910, +8.106,+0.973
1630718880,+3.50,+15.927, +8.030,+0.973
1630719480,+3.50,+15.901, +7.976,+0.973
1630720080,+3.50,+15.927, +7.902,+0.973
1630720680,+3.50,+15.910, +7.865,+0.973
1630721280,+3.50,+15.901, +7.816,+0.973
1630721880,+3.50,+15.927, +7.777,+0.973
1630722480,+3.50,+15.901, +7.734,+0.973
1630723080,+3.50,+15.910, +7.693,+0.973
1630723680,+3.50,+15.918, +7.664,+0.973
1630724280,+3.50,+15.884, +7.645,+0.973
1630724880,+3.50,+15.935, +7.604,+0.973
1630725480,+3.50,+15.910, +7.590,+0.973
1630726080,+3.50,+15.927, +7.559,+0.973
1630726680,+3.50,+15.927, +7.544,+0.973
1630727280,+3.50,+15.910, +7.522,+0.973
1630727880,+3.50,+15.918, +7.517,+0.973
1630728480,+3.50,+15.910, +7.502,+0.973
1630729080,+3.50,+15.901, +7.487,+0.973
1630729680,+3.50,+15.935, +7.467,+0.973
1630730280,+3.50,+15.910, +7.465,+0.973
1630730880,+3.50,+15.918, +7.443,+0.973
1630731480,+3.50,+15.935, +7.440,+0.973
1630732080,+3.50,+15.918, +7.442,+0.973
1630732680,+3.50,+15.918, +7.429,+0.973
1630733280,+3.50,+15.927, +7.428,+0.973
1630733880,+3.50,+15.893, +7.424,+0.973
1630734480,+3.50,+15.901, +7.416,+0.973
1630735080,+3.50,+15.927, +7.413,+0.973
1630735680,+3.50,+15.901, +7.413,+0.973
1630736280,+3.50,+15.910, +7.406,+0.973
1630736880,+3.50,+15.935, +7.401,+0.973
1630737480,+3.50,+15.901, +7.403,+0.973
1630738080,+3.50,+15.935, +7.396,+0.973
1630738680,+3.50,+15.935, +7.404,+0.973
1630739280,+3.50,+15.901, +7.397,+0.973
1630739880,+3.50,+15.927, +7.393,+0.973
1630740480,+3.50,+15.935, +7.399,+0.973
1630741080,+3.50,+15.884, +7.399,+0.973
1630741680,+3.50,+15.918, +7.391,+0.973
1630742280,+3.50,+15.918, +7.397,+0.973
1630742880,+3.50,+15.901, +7.393,+0.973
1630743480,+3.50,+15.927, +7.394,+0.974
1630744080,+3.50,+15.944, +7.388,+0.973
1630744680,+3.50,+15.910, +7.402,+0.974
1630745280,+3.50,+15.927, +7.387,+0.973
1630745880,+3.50,+15.935, +7.390,+0.973
1630746480,+3.50,+15.935, +7.396,+0.973
1630747080,+3.50,+15.901, +7.390,+0.973
1630747680,+3.50,+15.953, +7.385,+0.973
1630748280,+3.50,+15.944, +7.393,+0.973
1630748880,+3.50,+15.927, +7.393,+0.973
1630749480,+3.50,+15.944, +7.388,+0.973
1630750080,+3.50,+15.944, +7.391,+0.973
1630750680,+3.50,+15.927, +7.400,+0.973
1630751280,+3.50,+15.910, +7.397,+0.973
1630751880,+3.50,+15.944, +7.391,+0.973
1630752480,+3.50,+15.918, +7.408,+0.974
1630753080,+3.50,+15.901, +7.407,+0.973
1630753680,+3.50,+15.927, +7.392,+0.973
1630754280,+3.50,+15.927, +7.397,+0.973
1630754880,+3.50,+15.935, +7.402,+0.973
1630755480,+3.50,+15.927, +7.403,+0.973
1630756080,+3.50,+15.918, +7.399,+0.973
1630756680,+3.50,+15.935, +7.397,+0.973
1630757280,+3.50,+15.935, +7.400,+0.973
1630757880,+3.50,+15.918, +7.410,+0.973
1630758480,+3.50,+15.918, +7.406,+0.973
1630759080,+3.50,+15.927, +7.405,+0.973
1630759680,+3.50,+15.935, +7.404,+0.973
1630760280,+3.50,+15.944, +7.407,+0.973
1630760880,+3.50,+15.927, +7.482,+0.974
1630761480,+3.50,+15.944, +7.551,+0.973
1630762080,+3.50,+15.918, +7.622,+0.974
1630762680,+3.50,+15.961, +7.663,+0.973
1630763280,+3.50,+15.927, +7.728,+0.973
1630763880,+3.50,+15.961, +7.774,+0.973
1630764480,+3.50,+15.970, +7.826,+0.974
1630765080,+3.50,+15.935, +7.871,+0.974
1630765680,+3.50,+15.970, +7.896,+0.973
1630766280,+3.50,+15.978, +7.942,+0.974
1630766880,+3.50,+15.978, +7.960,+0.973
1630767480,+3.50,+15.970, +7.995,+0.974
1630768080,+3.50,+15.987, +8.014,+0.973
1630768680,+3.50,+15.987, +8.039,+0.974
1630769280,+3.50,+15.970, +8.058,+0.973
1630769880,+3.50,+15.995, +8.080,+0.974
1630770480,+3.50,+15.995, +8.090,+0.973
1630771080,+3.50,+15.970, +8.099,+0.973
1630771680,+3.50,+15.995, +8.119,+0.973
1630772280,+3.50,+16.021, +8.129,+0.973
1630772880,+3.50,+15.970, +8.143,+0.973
1630773480,+3.50,+16.004, +8.151,+0.973
1630774080,+3.50,+16.004, +8.168,+0.974
1630774680,+3.50,+15.970, +8.179,+0.974
1630775280,+3.50,+15.978, +8.198,+0.974
1630775880,+3.50,+15.995, +8.191,+0.973
1630776480,+3.50,+15.987, +8.195,+0.974
1630777080,+3.50,+16.004, +8.204,+0.974
1630777680,+3.50,+16.012, +8.209,+0.974
1630778280,+3.50,+15.961, +8.229,+0.974
1630778880,+3.50,+15.995, +8.213,+0.973
1630779480,+3.50,+16.004, +8.220,+0.973
1630780080,+3.50,+15.978, +8.233,+0.973
1630780680,+3.50,+15.978, +8.241,+0.974
1630781280,+3.50,+16.004, +8.234,+0.974
1630781880,+3.50,+16.004, +8.241,+0.974
1630782480,+3.50,+15.995, +8.248,+0.974
1630783080,+3.50,+16.004, +8.237,+0.973
1630783680,+3.50,+16.004, +8.247,+0.974
1630784280,+3.50,+15.995, +8.260,+0.974
1630784880,+3.50,+15.978, +8.249,+0.973
1630785480,+3.50,+15.987, +8.253,+0.973
1630786080,+3.50,+16.021, +8.246,+0.973
1630786680,+3.50,+16.021, +8.255,+0.974
1630787280,+3.50,+15.995, +8.254,+0.973
1630787880,+3.50,+15.995, +8.252,+0.973
1630788480,+3.50,+16.021, +8.257,+0.974
1630789080,+3.50,+16.021, +8.264,+0.974
