7450-736634
OS REV: 1.05 Sensor Cal: 1617731066
Time (sec),  BV (Volts),  T (deg C),  DO (mg/l),  Q ()
1630876680,+3.50,+16.004, +8.401,+0.974
1630877280,+3.50,+16.021, +8.402,+0.974
1630877880,+3.50,+16.004, +8.413,+0.974
1630878480,+3.50,+16.029, +8.395,+0.973
1630879080,+3.50,+16.029, +8.399,+0.974
1630879680,+3.50,+16.021, +8.399,+0.974
1630880280,+3.50,+16.004, +8.393,+0.973
1630880880,+3.50,+16.029, +8.380,+0.973
1630881480,+3.50,+16.021, +8.376,+0.973
1630882080,+3.50,+16.021, +8.389,+0.974
1630882680,+3.50,+16.038, +8.383,+0.974
1630883280,+3.50,+15.995, +8.393,+0.974
1630883880,+3.50,+16.004, +8.380,+0.974
1630884480,+3.50,+16.004, +8.381,+0.973
1630885080,+3.50,+16.021, +8.379,+0.974
1630885680,+3.50,+16.029, +8.373,+0.974
1630886280,+3.50,+16.012, +8.368,+0.973
1630886880,+3.50,+15.987, +8.373,+0.974
1630887480,+3.50,+15.987, +8.364,+0.973
1630888080,+3.50,+15.995, +8.368,+0.974
1630888680,+3.50,+16.004, +8.365,+0.974
1630889280,+3.50,+16.021, +8.353,+0.974
1630889880,+3.50,+16.004, +8.276,+0.973
1630890480,+3.50,+15.978, +8.181,+0.974
1630891080,+3.50,+15.995, +8.083,+0.973
1630891680,+3.50,+15.987, +8.021,+0.974
1630892280,+3.50,+15.961, +7.952,+0.974
1630892880,+3.50,+15.953, +7.887,+0.974
1630893480,+3.50,+15.953, +7.816,+0.973
1630894080,+3.50,+15.953, +7.775,+0.973
1630894680,+3.50,+15.961, +7.727,+0.973
1630895280,+3.50,+15.953, +7.691,+0.973
1630895880,+3.50,+15.927, +7.648,+0.973
1630896480,+3.50,+15.901, +7.619,+0.973
1630897080,+3.50,+15.935, +7.584,+0.973
1630897680,+3.50,+15.953, +7.554,+0.973
1630898280,+3.50,+15.935, +7.535,+0.973
1630898880,+3.50,+15.918, +7.511,+0.973
1630899480,+3.50,+15.918, +7.495,+0.973
1630900080,+3.50,+15.944, +7.470,+0.973
1630900680,+3.50,+15.918, +7.459,+0.973
1630901280,+3.50,+15.901, +7.441,+0.973
1630901880,+3.50,+15.935, +7.416,+0.973
1630902480,+3.50,+15.935, +7.409,+0.973
1630903080,+3.50,+15.910, +7.405,+0.973
1630903680,+3.50,+15.876, +7.401,+0.973
1630904280,+3.50,+15.927, +7.374,+0.973
1630904880,+3.50,+15.918, +7.378,+0.974
1630905480,+3.50,+15.927, +7.368,+0.973
1630906080,+3.50,+15.893, +7.362,+0.973
1630906680,+3.50,+15.901, +7.355,+0.973
1630907280,+3.50,+15.918, +7.348,+0.973
1630907880,+3.50,+15.927, +7.340,+0.973
1630908480,+3.50,+15.901, +7.339,+0.973
1630909080,+3.50,+15.901, +7.341,+0.973
1630909680,+3.50,+15.935, +7.330,+0.973
1630910280,+3.50,+15.910, +7.334,+0.973
1630910880,+3.50,+15.884, +7.331,+0.973
1630911480,+3.50,+15.918, +7.318,+0.973
1630912080,+3.50,+15.910, +7.333,+0.974
1630912680,+3.50,+15.893, +7.327,+0.973
1630913280,+3.50,+15.893, +7.321,+0.973
1630913880,+3.50,+15.918, +7.317,+0.974
1630914480,+3.50,+15.927, +7.319,+0.974
1630915080,+3.50,+15.884, +7.305,+0.973
1630915680,+3.50,+15.918, +7.305,+0.973
1630916280,+3.50,+15.918, +7.316,+0.973
1630916880,+3.50,+15.910, +7.306,+0.973
1630917480,+3.50,+15.893, +7.311,+0.973
1630918080,+3.50,+15.901, +7.311,+0.974
1630918680,+3.50,+15.927, +7.304,+0.973
1630919280,+3.50,+15.901, +7.317,+0.974
1630919880,+3.50,+15.901, +7.305,+0.973
1630920480,+3.50,+15.910, +7.309,+0.973
1630921080,+3.50,+15.927, +7.303,+0.973
1630921680,+3.50,+15.893, +7.310,+0.973
1630922280,+3.50,+15.893, +7.310,+0.973
1630922880,+3.50,+15.927, +7.301,+0.973
1630923480,+3.50,+15.918, +7.308,+0.973
1630924080,+3.50,+15.910, +7.308,+0.973
1630924680,+3.50,+15.893, +7.317,+0.974
1630925280,+3.50,+15.918, +7.313,+0.973
1630925880,+3.50,+15.918, +7.309,+0.973
1630926480,+3.50,+15.918, +7.308,+0.973
1630927080,+3.50,+15.910, +7.310,+0.973
1630927680,+3.50,+15.918, +7.308,+0.973
1630928280,+3.50,+15.918, +7.315,+0.973
1630928880,+3.50,+15.918, +7.321,+0.973
1630929480,+3.50,+15.918, +7.306,+0.973
1630930080,+3.50,+15.893, +7.321,+0.973
1630930680,+3.50,+15.918, +7.320,+0.974
1630931280,+3.50,+15.918, +7.322,+0.974
1630931880,+3.50,+15.935, +7.315,+0.973
1630932480,+3.50,+15.935, +7.317,+0.973
1630933080,+3.50,+15.944, +7.308,+0.973
1630933680,+3.50,+15.953, +7.404,+0.973
1630934280,+3.50,+15.970, +7.492,+0.973
1630934880,+3.50,+15.978, +7.580,+0.973
1630935480,+3.50,+15.978, +7.659,+0.973
1630936080,+3.50,+15.970, +7.734,+0.973
1630936680,+3.50,+15.944, +7.804,+0.973
1630937280,+3.50,+15.978, +7.853,+0.973
1630937880,+3.50,+15.987, +7.910,+0.973
1630938480,+3.50,+15.978, +7.963,+0.973
1630939080,+3.50,+16.012, +7.996,+0.973
1630939680,+3.50,+15.978, +8.045,+0.973
1630940280,+3.50,+15.987, +8.073,+0.973
1630940880,+3.50,+15.978, +8.111,+0.973
1630941480,+3.50,+15.987, +8.145,+0.974
1630942080,+3.50,+15.995, +8.172,+0.974
1630942680,+3.50,+15.987, +8.198,+0.974
1630943280,+3.50,+16.004, +8.203,+0.973
1630943880,+3.50,+16.012, +8.227,+0.973
1630944480,+3.50,+15.995, +8.253,+0.973
1630945080,+3.50,+15.978, +8.279,+0.974
1630945680,+3.50,+15.978, +8.290,+0.974
1630946280,+3.50,+16.012, +8.295,+0.973
1630946880,+3.50,+16.012, +8.319,+0.974
1630947480,+3.50,+16.004, +8.328,+0.974
1630948080,+3.50,+16.004, +8.334,+0.974
1630948680,+3.50,+16.004, +8.345,+0.973
1630949280,+3.50,+16.004, +8.359,+0.973
1630949880,+3.50,+16.004, +8.370,+0.973
1630950480,+3.50,+16.004, +8.384,+0.974
1630951080,+3.50,+15.987, +8.389,+0.974
1630951680,+3.50,+16.012, +8.386,+0.973
1630952280,+3.50,+16.004, +8.400,+0.974
1630952880,+3.50,+16.012, +8.412,+0.974
1630953480,+3.50,+15.995, +8.421,+0.974
1630954080,+3.50,+16.012, +8.410,+0.974
1630954680,+3.50,+16.004, +8.417,+0.974
1630955280,+3.50,+16.038, +8.412,+0.973
1630955880,+3.50,+16.029, +8.425,+0.974
1630956480,+3.50,+16.004, +8.428,+0.973
1630957080,+3.50,+16.004, +8.433,+0.974
1630957680,+3.50,+16.021, +8.433,+0.974
1630958280,+3.50,+16.021, +8.441,+0.974
1630958880,+3.50,+16.004, +8.460,+0.974
1630959480,+3.50,+16.012, +8.448,+0.973
1630960080,+3.50,+15.995, +8.446,+0.973
1630960680,+3.50,+15.995, +8.457,+0.974
1630961280,+3.50,+16.038, +8.447,+0.974
1630961880,+3.50,+16.038, +8.445,+0.973
1630962480,+3.50,+16.029, +8.455,+0.973
1630963080,+3.50,+16.021, +8.447,+0.973
