7450-736634
OS REV: 1.05 Sensor Cal: 1617731066
Time (sec),  BV (Volts),  T (deg C),  DO (mg/l),  Q ()
1631224680,+3.49,+15.995, +8.573,+0.974
1631225280,+3.50,+15.995, +8.559,+0.974
1631225880,+3.50,+16.021, +8.555,+0.974
1631226480,+3.50,+16.004, +8.566,+0.974
1631227080,+3.50,+15.970, +8.560,+0.974
1631227680,+3.50,+16.004, +8.549,+0.973
1631228280,+3.50,+15.987, +8.543,+0.973
1631228880,+3.49,+16.004, +8.549,+0.973
1631229480,+3.50,+15.995, +8.549,+0.974
1631230080,+3.49,+15.995, +8.555,+0.974
1631230680,+3.50,+15.987, +8.549,+0.973
1631231280,+3.50,+16.012, +8.553,+0.974
1631231880,+3.50,+15.987, +8.542,+0.973
1631232480,+3.50,+15.970, +8.563,+0.974
1631233080,+3.50,+16.012, +8.541,+0.974
1631233680,+3.50,+15.978, +8.556,+0.974
1631234280,+3.50,+15.978, +8.539,+0.974
1631234880,+3.50,+16.004, +8.536,+0.974
1631235480,+3.50,+15.978, +8.457,+0.974
1631236080,+3.50,+15.944, +8.340,+0.974
1631236680,+3.50,+15.935, +8.254,+0.974
1631237280,+3.50,+15.935, +8.150,+0.974
1631237880,+3.50,+15.944, +8.075,+0.974
1631238480,+3.50,+15.927, +7.993,+0.973
1631239080,+3.50,+15.884, +7.941,+0.974
1631239680,+3.50,+15.918, +7.872,+0.973
1631240280,+3.50,+15.893, +7.816,+0.974
1631240880,+3.50,+15.901, +7.774,+0.974
1631241480,+3.50,+15.850, +7.735,+0.974
1631242080,+3.50,+15.901, +7.681,+0.973
1631242680,+3.50,+15.859, +7.652,+0.974
1631243280,+3.50,+15.893, +7.607,+0.973
1631243880,+3.50,+15.859, +7.581,+0.973
1631244480,+3.50,+15.893, +7.544,+0.973
1631245080,+3.50,+15.876, +7.523,+0.974
1631245680,+3.50,+15.893, +7.500,+0.973
1631246280,+3.50,+15.876, +7.478,+0.974
1631246880,+3.50,+15.901, +7.457,+0.973
1631247480,+3.50,+15.876, +7.435,+0.973
1631248080,+3.50,+15.893, +7.421,+0.973
1631248680,+3.50,+15.876, +7.405,+0.973
1631249280,+3.50,+15.884, +7.401,+0.974
1631249880,+3.50,+15.850, +7.385,+0.973
1631250480,+3.50,+15.901, +7.369,+0.973
1631251080,+3.50,+15.859, +7.359,+0.973
1631251680,+3.50,+15.867, +7.354,+0.973
1631252280,+3.50,+15.859, +7.355,+0.974
1631252880,+3.50,+15.867, +7.340,+0.974
1631253480,+3.50,+15.884, +7.329,+0.973
1631254080,+3.50,+15.841, +7.333,+0.974
1631254680,+3.50,+15.850, +7.335,+0.974
1631255280,+3.50,+15.850, +7.325,+0.974
1631255880,+3.50,+15.841, +7.319,+0.974
1631256480,+3.50,+15.859, +7.315,+0.973
1631257080,+3.50,+15.850, +7.319,+0.974
1631257680,+3.50,+15.824, +7.304,+0.973
1631258280,+3.50,+15.859, +7.306,+0.974
1631258880,+3.50,+15.850, +7.301,+0.974
1631259480,+3.50,+15.841, +7.297,+0.974
1631260080,+3.50,+15.850, +7.301,+0.974
1631260680,+3.50,+15.859, +7.290,+0.973
1631261280,+3.50,+15.816, +7.301,+0.974
1631261880,+3.50,+15.867, +7.292,+0.973
1631262480,+3.50,+15.824, +7.296,+0.974
1631263080,+3.50,+15.816, +7.297,+0.974
1631263680,+3.50,+15.850, +7.297,+0.974
1631264280,+3.50,+15.841, +7.292,+0.974
1631264880,+3.50,+15.816, +7.291,+0.973
1631265480,+3.50,+15.833, +7.300,+0.974
1631266080,+3.50,+15.833, +7.291,+0.973
1631266680,+3.50,+15.841, +7.282,+0.973
1631267280,+3.50,+15.841, +7.299,+0.974
1631267880,+3.50,+15.816, +7.307,+0.974
1631268480,+3.50,+15.824, +7.291,+0.973
1631269080,+3.50,+15.807, +7.303,+0.974
1631269680,+3.50,+15.833, +7.301,+0.974
1631270280,+3.50,+15.824, +7.295,+0.973
1631270880,+3.50,+15.799, +7.298,+0.973
1631271480,+3.50,+15.850, +7.295,+0.974
1631272080,+3.50,+15.833, +7.296,+0.973
1631272680,+3.50,+15.807, +7.302,+0.974
1631273280,+3.50,+15.833, +7.303,+0.974
1631273880,+3.50,+15.816, +7.309,+0.974
1631274480,+3.50,+15.799, +7.306,+0.973
1631275080,+3.50,+15.859, +7.305,+0.974
1631275680,+3.50,+15.824, +7.308,+0.973
1631276280,+3.50,+15.799, +7.309,+0.974
1631276880,+3.50,+15.841, +7.308,+0.973
1631277480,+3.50,+15.867, +7.321,+0.974
1631278080,+3.50,+15.841, +7.315,+0.973
1631278680,+3.50,+15.876, +7.310,+0.973
1631279280,+3.50,+15.901, +7.412,+0.973
1631279880,+3.50,+15.884, +7.516,+0.973
1631280480,+3.50,+15.927, +7.610,+0.973
1631281080,+3.50,+15.910, +7.722,+0.974
1631281680,+3.50,+15.935, +7.795,+0.974
1631282280,+3.50,+15.927, +7.871,+0.973
1631282880,+3.50,+15.953, +7.926,+0.973
1631283480,+3.50,+15.910, +8.001,+0.973
1631284080,+3.50,+15.944, +8.053,+0.974
1631284680,+3.50,+15.918, +8.105,+0.974
1631285280,+3.50,+15.944, +8.160,+0.974
1631285880,+3.50,+15.927, +8.201,+0.974
1631286480,+3.50,+15.961, +8.236,+0.974
1631287080,+3.50,+15.918, +8.274,+0.973
1631287680,+3.50,+15.935, +8.313,+0.974
1631288280,+3.50,+15.935, +8.333,+0.974
1631288880,+3.50,+15.944, +8.371,+0.974
1631289480,+3.50,+15.927, +8.393,+0.974
1631290080,+3.50,+15.961, +8.414,+0.974
1631290680,+3.50,+15.935, +8.434,+0.974
1631291280,+3.50,+15.970, +8.455,+0.974
1631291880,+3.50,+15.961, +8.467,+0.974
1631292480,+3.50,+15.978, +8.484,+0.974
1631293080,+3.50,+15.953, +8.499,+0.974
1631293680,+3.50,+15.927, +8.515,+0.974
1631294280,+3.50,+15.935, +8.519,+0.974
1631294880,+3.50,+15.901, +8.531,+0.974
1631295480,+3.50,+15.893, +8.552,+0.974
1631296080,+3.50,+15.867, +8.567,+0.974
1631296680,+3.50,+15.935, +8.564,+0.974
1631297280,+3.50,+15.918, +8.576,+0.974
1631297880,+3.50,+15.901, +8.574,+0.974
1631298480,+3.50,+15.927, +8.576,+0.974
1631299080,+3.50,+15.927, +8.576,+0.974
1631299680,+3.50,+15.901, +8.589,+0.974
1631300280,+3.50,+15.944, +8.585,+0.974
1631300880,+3.50,+15.927, +8.585,+0.974
1631301480,+3.50,+15.953, +8.588,+0.974
1631302080,+3.50,+15.944, +8.588,+0.974
1631302680,+3.50,+15.953, +8.584,+0.974
1631303280,+3.50,+15.953, +8.564,+0.973
1631303880,+3.50,+15.918, +8.560,+0.974
1631304480,+3.50,+15.987, +8.549,+0.974
1631305080,+3.50,+15.953, +8.552,+0.974
1631305680,+3.50,+15.970, +8.549,+0.974
1631306280,+3.50,+15.970, +8.550,+0.974
1631306880,+3.50,+15.935, +8.553,+0.974
1631307480,+3.50,+15.978, +8.555,+0.974
1631308080,+3.50,+15.935, +8.556,+0.974
1631308680,+3.50,+15.970, +8.556,+0.973
1631309280,+3.50,+15.961, +8.557,+0.973
1631309880,+3.50,+15.970, +8.565,+0.973
