7450-688268
OS REV: 1.05 Sensor Cal: 1617728128
Time (sec),  BV (Volts),  T (deg C),  DO (mg/l),  Q ()
1629834600,+3.51,+16.087, +8.282,+0.950
1629835200,+3.51,+16.079, +8.269,+0.949
1629835800,+3.51,+16.079, +8.281,+0.950
1629836400,+3.51,+16.079, +8.280,+0.950
1629837000,+3.51,+16.087, +8.275,+0.950
1629837600,+3.51,+16.096, +8.281,+0.950
1629838200,+3.51,+16.096, +8.267,+0.949
1629838800,+3.51,+16.079, +8.264,+0.949
1629839400,+3.51,+16.096, +8.266,+0.950
1629840000,+3.51,+16.104, +8.261,+0.949
1629840600,+3.51,+16.079, +8.268,+0.949
1629841200,+3.51,+16.087, +8.276,+0.950
1629841800,+3.51,+16.104, +8.253,+0.949
1629842400,+3.51,+16.087, +8.260,+0.950
1629843000,+3.51,+16.113, +8.253,+0.950
1629843600,+3.51,+16.096, +8.258,+0.950
1629844200,+3.51,+16.104, +8.257,+0.950
1629844800,+3.51,+16.079, +8.251,+0.950
1629845400,+3.51,+16.096, +8.250,+0.950
1629846000,+3.51,+16.087, +8.252,+0.950
1629846600,+3.51,+16.096, +8.246,+0.950
1629847200,+3.51,+16.104, +8.243,+0.949
1629847800,+3.51,+16.104, +8.240,+0.950
1629848400,+3.51,+16.079, +8.238,+0.950
1629849000,+3.51,+16.113, +8.229,+0.950
1629849600,+3.51,+16.104, +8.229,+0.949
1629850200,+3.51,+16.104, +8.231,+0.949
1629850800,+3.51,+16.113, +8.224,+0.949
1629851400,+3.51,+16.113, +8.220,+0.950
1629852000,+3.51,+16.096, +8.210,+0.950
1629852600,+3.51,+16.096, +8.153,+0.950
1629853200,+3.51,+16.087, +8.060,+0.950
1629853800,+3.51,+16.087, +7.978,+0.950
1629854400,+3.51,+16.079, +7.910,+0.950
1629855000,+3.51,+16.053, +7.845,+0.950
1629855600,+3.51,+16.045, +7.788,+0.950
1629856200,+3.51,+16.036, +7.737,+0.950
1629856800,+3.51,+16.045, +7.693,+0.949
1629857400,+3.51,+16.028, +7.675,+0.950
1629858000,+3.51,+16.036, +7.644,+0.950
1629858600,+3.51,+16.019, +7.620,+0.950
1629859200,+3.51,+15.985, +7.605,+0.950
1629859800,+3.51,+16.011, +7.568,+0.950
1629860400,+3.51,+16.011, +7.556,+0.950
1629861000,+3.51,+16.011, +7.553,+0.950
1629861600,+3.51,+16.028, +7.536,+0.950
1629862200,+3.51,+16.028, +7.522,+0.950
1629862800,+3.51,+16.002, +7.524,+0.950
1629863400,+3.51,+16.002, +7.507,+0.950
1629864000,+3.51,+16.011, +7.495,+0.950
1629864600,+3.51,+16.011, +7.496,+0.950
1629865200,+3.51,+16.028, +7.492,+0.950
1629865800,+3.51,+16.019, +7.483,+0.950
1629866400,+3.51,+16.011, +7.489,+0.950
1629867000,+3.51,+15.994, +7.493,+0.951
1629867600,+3.51,+15.976, +7.486,+0.950
1629868200,+3.51,+16.002, +7.473,+0.950
1629868800,+3.51,+15.994, +7.473,+0.950
1629869400,+3.51,+16.019, +7.475,+0.950
1629870000,+3.51,+15.994, +7.477,+0.950
1629870600,+3.51,+16.002, +7.475,+0.950
1629871200,+3.51,+15.985, +7.467,+0.950
1629871800,+3.51,+16.002, +7.466,+0.950
1629872400,+3.51,+15.994, +7.463,+0.950
1629873000,+3.51,+16.002, +7.463,+0.950
1629873600,+3.51,+16.002, +7.472,+0.950
1629874200,+3.51,+16.011, +7.467,+0.950
1629874800,+3.51,+15.976, +7.467,+0.950
1629875400,+3.51,+15.994, +7.463,+0.950
1629876000,+3.51,+15.985, +7.465,+0.950
1629876600,+3.51,+15.994, +7.466,+0.950
1629877200,+3.51,+16.019, +7.459,+0.950
1629877800,+3.51,+16.011, +7.462,+0.950
1629878400,+3.51,+15.994, +7.469,+0.951
1629879000,+3.51,+15.976, +7.460,+0.950
1629879600,+3.51,+15.994, +7.462,+0.950
1629880200,+3.51,+16.011, +7.459,+0.950
1629880800,+3.51,+15.985, +7.470,+0.950
1629881400,+3.51,+16.002, +7.467,+0.950
1629882000,+3.51,+16.002, +7.466,+0.950
1629882600,+3.51,+15.985, +7.465,+0.950
1629883200,+3.51,+15.976, +7.473,+0.950
1629883800,+3.51,+15.985, +7.465,+0.950
1629884400,+3.51,+15.985, +7.470,+0.950
1629885000,+3.51,+16.011, +7.460,+0.950
1629885600,+3.51,+16.011, +7.464,+0.950
1629886200,+3.51,+16.002, +7.473,+0.950
1629886800,+3.51,+15.985, +7.473,+0.950
1629887400,+3.51,+15.976, +7.472,+0.950
1629888000,+3.51,+16.002, +7.461,+0.950
1629888600,+3.51,+15.976, +7.466,+0.950
1629889200,+3.51,+16.011, +7.463,+0.950
1629889800,+3.51,+16.002, +7.469,+0.950
1629890400,+3.51,+16.002, +7.463,+0.950
1629891000,+3.51,+15.994, +7.470,+0.950
1629891600,+3.51,+15.994, +7.478,+0.950
1629892200,+3.51,+15.985, +7.469,+0.950
1629892800,+3.51,+15.976, +7.475,+0.950
1629893400,+3.51,+15.994, +7.465,+0.950
1629894000,+3.51,+15.976, +7.470,+0.950
1629894600,+3.51,+16.002, +7.459,+0.950
1629895200,+3.51,+16.002, +7.474,+0.950
1629895800,+3.51,+16.002, +7.475,+0.950
1629896400,+3.51,+16.028, +7.533,+0.950
1629897000,+3.51,+16.045, +7.619,+0.950
1629897600,+3.51,+16.036, +7.709,+0.950
1629898200,+3.51,+16.045, +7.769,+0.950
1629898800,+3.51,+16.053, +7.837,+0.950
1629899400,+3.51,+16.079, +7.877,+0.950
1629900000,+3.51,+16.036, +7.933,+0.949
1629900600,+3.51,+16.070, +7.979,+0.950
1629901200,+3.51,+16.062, +8.016,+0.950
1629901800,+3.51,+16.087, +8.042,+0.949
1629902400,+3.51,+16.087, +8.073,+0.950
1629903000,+3.51,+16.070, +8.094,+0.949
1629903600,+3.51,+16.062, +8.119,+0.949
1629904200,+3.51,+16.079, +8.135,+0.949
1629904800,+3.51,+16.104, +8.147,+0.949
1629905400,+3.51,+16.079, +8.175,+0.949
1629906000,+3.51,+16.062, +8.189,+0.950
1629906600,+3.51,+16.062, +8.204,+0.950
1629907200,+3.51,+16.070, +8.206,+0.949
1629907800,+3.51,+16.070, +8.218,+0.949
1629908400,+3.51,+16.079, +8.228,+0.950
1629909000,+3.51,+16.070, +8.234,+0.950
1629909600,+3.51,+16.096, +8.221,+0.949
1629910200,+3.51,+16.096, +8.232,+0.949
1629910800,+3.51,+16.096, +8.257,+0.950
1629911400,+3.51,+16.079, +8.256,+0.950
1629912000,+3.51,+16.079, +8.255,+0.950
1629912600,+3.51,+16.122, +8.250,+0.950
1629913200,+3.51,+16.070, +8.250,+0.949
1629913800,+3.51,+16.045, +8.259,+0.950
1629914400,+3.51,+16.045, +8.272,+0.950
1629915000,+3.51,+16.036, +8.266,+0.950
1629915600,+3.51,+16.053, +8.270,+0.950
1629916200,+3.51,+16.036, +8.272,+0.950
1629916800,+3.51,+16.087, +8.263,+0.950
1629917400,+3.51,+16.053, +8.274,+0.950
1629918000,+3.51,+16.045, +8.269,+0.949
1629918600,+3.51,+16.053, +8.279,+0.950
1629919200,+3.51,+16.053, +8.272,+0.949
1629919800,+3.51,+16.079, +8.270,+0.950
1629920400,+3.51,+16.062, +8.278,+0.950
1629921000,+3.51,+16.079, +8.279,+0.950
