7450-688268
OS REV: 1.05 Sensor Cal: 1617728128
Time (sec),  BV (Volts),  T (deg C),  DO (mg/l),  Q ()
1619808840,+3.53,+26.622, +7.825,+0.978
1619809440,+3.53,+26.690, +7.419,+0.978
1619810040,+3.53,+26.631, +7.176,+0.977
1619810640,+3.53,+26.529, +7.034,+0.977
1619811240,+3.53,+26.436, +7.099,+0.977
1619811840,+3.53,+26.369, +7.113,+0.977
1619812440,+3.53,+26.301, +7.075,+0.977
1619813040,+3.53,+26.208, +7.028,+0.976
1619813640,+3.53,+26.132, +7.018,+0.977
1619814240,+3.53,+26.056, +6.990,+0.977
1619814840,+3.53,+25.980, +6.965,+0.977
1619815440,+3.53,+25.921, +6.950,+0.976
1619816040,+3.53,+25.879, +6.931,+0.977
1619816640,+3.53,+25.811, +6.908,+0.976
1619817240,+3.53,+25.769, +6.886,+0.977
1619817840,+3.53,+25.702, +6.880,+0.977
1619818440,+3.53,+25.651, +6.850,+0.976
1619819040,+3.53,+25.592, +6.842,+0.976
1619819640,+3.53,+25.550, +6.839,+0.977
1619820240,+3.53,+25.516, +6.824,+0.977
1619820840,+3.54,+25.457, +6.818,+0.977
1619821440,+3.54,+25.432, +6.799,+0.977
1619822040,+3.53,+25.390, +6.797,+0.977
1619822640,+3.53,+25.348, +6.784,+0.977
1619823240,+3.53,+25.297, +6.779,+0.976
1619823840,+3.53,+25.255, +6.775,+0.977
1619824440,+3.53,+25.213, +6.767,+0.976
1619825040,+3.53,+25.154, +6.772,+0.977
1619825640,+3.53,+25.129, +6.768,+0.977
1619826240,+3.53,+25.095, +6.763,+0.977
1619826840,+3.53,+25.053, +6.763,+0.977
1619827440,+3.53,+25.003, +6.759,+0.977
1619828040,+3.53,+24.986, +6.754,+0.977
1619828640,+3.53,+24.953, +6.756,+0.977
1619829240,+3.53,+24.919, +6.758,+0.977
1619829840,+3.53,+24.885, +6.755,+0.977
1619830440,+3.53,+24.860, +6.751,+0.977
1619831040,+3.53,+24.818, +6.760,+0.977
1619831640,+3.53,+24.793, +6.745,+0.976
1619832240,+3.53,+24.768, +6.749,+0.977
1619832840,+3.53,+24.751, +6.745,+0.976
1619833440,+3.54,+24.709, +6.759,+0.977
1619834040,+3.54,+24.675, +6.762,+0.977
1619834640,+3.54,+24.658, +6.762,+0.977
1619835240,+3.54,+24.616, +6.764,+0.977
1619835840,+3.54,+24.591, +6.763,+0.977
1619836440,+3.54,+24.574, +6.769,+0.977
1619837040,+3.54,+24.558, +6.769,+0.977
1619837640,+3.54,+24.524, +6.778,+0.977
1619838240,+3.54,+24.490, +6.775,+0.976
1619838840,+3.54,+24.499, +6.774,+0.977
1619839440,+3.54,+24.448, +6.779,+0.977
1619840040,+3.54,+24.448, +6.775,+0.976
1619840640,+3.54,+24.415, +6.787,+0.977
1619841240,+3.54,+24.398, +6.791,+0.977
1619841840,+3.54,+24.381, +6.793,+0.977
1619842440,+3.54,+24.373, +6.798,+0.977
1619843040,+3.53,+24.331, +6.801,+0.977
1619843640,+3.53,+24.314, +6.791,+0.976
1619844240,+3.53,+24.331, +6.797,+0.977
1619844840,+3.53,+24.297, +6.805,+0.977
1619845440,+3.53,+24.289, +6.791,+0.976
1619846040,+3.53,+24.255, +6.802,+0.977
1619846640,+3.53,+24.247, +6.805,+0.977
1619847240,+3.53,+24.222, +6.803,+0.976
1619847840,+3.53,+24.222, +6.803,+0.977
1619848440,+3.53,+24.180, +6.816,+0.977
1619849040,+3.53,+24.188, +6.810,+0.977
1619849640,+3.53,+24.163, +6.809,+0.977
1619850240,+3.53,+24.155, +6.811,+0.977
1619850840,+3.53,+24.146, +6.818,+0.977
1619851440,+3.53,+24.130, +6.816,+0.977
1619852040,+3.53,+24.113, +6.815,+0.977
1619852640,+3.53,+24.096, +6.812,+0.976
1619853240,+3.53,+24.071, +6.831,+0.977
1619853840,+3.53,+24.063, +6.824,+0.977
1619854440,+3.53,+24.063, +6.824,+0.977
1619855040,+3.53,+24.054, +6.819,+0.977
1619855640,+3.53,+24.037, +6.825,+0.977
1619856240,+3.53,+24.021, +6.824,+0.977
1619856840,+3.53,+23.987, +6.826,+0.977
1619857440,+3.53,+23.995, +6.826,+0.977
1619858040,+3.53,+23.979, +6.834,+0.977
1619858640,+3.53,+23.979, +6.822,+0.977
1619859240,+3.53,+23.954, +6.839,+0.978
1619859840,+3.53,+23.945, +6.825,+0.977
1619860440,+3.53,+23.920, +6.838,+0.977
1619861040,+3.53,+23.912, +6.829,+0.977
1619861640,+3.53,+23.903, +6.832,+0.977
1619862240,+3.53,+23.886, +6.828,+0.977
1619862840,+3.53,+23.878, +6.825,+0.977
1619863440,+3.53,+23.853, +6.831,+0.977
1619864040,+3.53,+23.845, +6.830,+0.977
1619864640,+3.53,+23.828, +6.833,+0.977
1619865240,+3.53,+23.828, +6.830,+0.977
1619865840,+3.53,+23.803, +6.837,+0.977
1619866440,+3.53,+23.803, +6.836,+0.977
1619867040,+3.53,+23.794, +6.824,+0.977
1619867640,+3.53,+23.777, +6.831,+0.977
1619868240,+3.53,+23.803, +6.826,+0.977
1619868840,+3.53,+23.761, +6.833,+0.977
1619869440,+3.53,+23.744, +6.835,+0.977
1619870040,+3.53,+23.744, +6.823,+0.977
1619870640,+3.53,+23.727, +6.836,+0.978
1619871240,+3.53,+23.719, +6.832,+0.977
1619871840,+3.53,+23.702, +6.836,+0.977
1619872440,+3.53,+23.702, +6.827,+0.977
1619873040,+3.53,+23.694, +6.838,+0.978
1619873640,+3.53,+23.677, +6.834,+0.978
1619874240,+3.53,+23.685, +6.823,+0.977
1619874840,+3.53,+23.652, +6.834,+0.978
1619875440,+3.53,+23.652, +6.821,+0.977
1619876040,+3.53,+23.652, +6.829,+0.978
1619876640,+3.53,+23.635, +6.831,+0.978
1619877240,+3.53,+23.643, +6.819,+0.978
1619877840,+3.53,+23.627, +6.820,+0.977
1619878440,+3.53,+23.627, +6.812,+0.977
1619879040,+3.53,+23.635, +6.817,+0.978
1619879640,+3.53,+23.610, +6.815,+0.978
1619880240,+3.53,+23.610, +6.807,+0.978
1619880840,+3.53,+23.585, +6.805,+0.977
1619881440,+3.53,+23.593, +6.803,+0.978
1619882040,+3.53,+23.593, +6.797,+0.978
1619882640,+3.53,+23.576, +6.788,+0.977
1619883240,+3.53,+23.560, +6.791,+0.977
1619883840,+3.53,+23.576, +6.783,+0.978
1619884440,+3.53,+23.568, +6.779,+0.977
1619885040,+3.53,+23.568, +6.779,+0.978
1619885640,+3.53,+23.560, +6.767,+0.977
1619886240,+3.53,+23.560, +6.756,+0.977
1619886840,+3.53,+23.543, +6.762,+0.977
1619887440,+3.53,+23.560, +6.750,+0.978
1619888040,+3.53,+23.560, +6.739,+0.977
1619888640,+3.53,+23.543, +6.739,+0.978
1619889240,+3.53,+23.543, +6.730,+0.977
1619889840,+3.53,+23.535, +6.732,+0.978
1619890440,+3.53,+23.543, +6.721,+0.978
1619891040,+3.53,+23.543, +6.714,+0.978
1619891640,+3.53,+23.526, +6.709,+0.977
1619892240,+3.53,+23.535, +6.700,+0.978
1619892840,+3.53,+23.526, +6.696,+0.978
1619893440,+3.53,+23.526, +6.684,+0.977
1619894040,+3.53,+23.526, +6.683,+0.978
1619894640,+3.53,+23.518, +6.678,+0.978
1619895240,+3.53,+23.509, +6.672,+0.977
