7450-688268
OS REV: 1.05 Sensor Cal: 1617728128
Time (sec),  BV (Volts),  T (deg C),  DO (mg/l),  Q ()
1627082040,+3.53,+24.046, +6.801,+0.952
1627082640,+3.53,+24.054, +6.806,+0.953
1627083240,+3.53,+24.063, +6.804,+0.953
1627083840,+3.53,+24.088, +6.807,+0.953
1627084440,+3.53,+24.096, +6.798,+0.953
1627085040,+3.53,+24.088, +6.808,+0.953
1627085640,+3.53,+24.096, +6.803,+0.953
1627086240,+3.53,+24.113, +6.796,+0.953
1627086840,+3.53,+24.138, +6.790,+0.953
1627087440,+3.53,+24.163, +6.794,+0.953
1627088040,+3.53,+24.180, +6.788,+0.952
1627088640,+3.53,+24.222, +6.783,+0.953
1627089240,+3.53,+24.255, +6.783,+0.953
1627089840,+3.53,+24.281, +6.783,+0.953
1627090440,+3.53,+24.323, +6.785,+0.953
1627091040,+3.53,+24.356, +6.760,+0.951
1627091640,+3.53,+24.365, +6.766,+0.952
1627092240,+3.53,+24.373, +6.772,+0.953
1627092840,+3.53,+24.348, +6.779,+0.953
1627093440,+3.53,+24.373, +6.772,+0.952
1627094040,+3.53,+24.381, +6.765,+0.952
1627094640,+3.53,+24.390, +6.770,+0.952
1627095240,+3.53,+24.356, +6.785,+0.952
1627095840,+3.53,+24.348, +6.783,+0.952
1627096440,+3.53,+24.297, +6.796,+0.953
1627097040,+3.53,+24.264, +6.801,+0.952
1627097640,+3.53,+24.255, +6.802,+0.952
1627098240,+3.53,+24.239, +6.796,+0.952
1627098840,+3.53,+24.214, +6.801,+0.952
1627099440,+3.53,+24.188, +6.814,+0.952
1627100040,+3.53,+24.172, +6.822,+0.953
1627100640,+3.53,+24.163, +6.818,+0.952
1627101240,+3.53,+24.163, +6.826,+0.953
1627101840,+3.53,+24.146, +6.825,+0.952
1627102440,+3.53,+24.138, +6.835,+0.952
1627103040,+3.53,+24.146, +6.829,+0.952
1627103640,+3.53,+24.146, +6.828,+0.952
1627104240,+3.53,+24.163, +6.831,+0.952
1627104840,+3.53,+24.146, +6.840,+0.953
1627105440,+3.53,+24.172, +6.833,+0.952
1627106040,+3.53,+24.172, +6.824,+0.952
1627106640,+3.53,+24.172, +6.832,+0.952
1627107240,+3.53,+24.197, +6.823,+0.951
1627107840,+3.53,+24.205, +6.829,+0.952
1627108440,+3.53,+24.214, +6.825,+0.952
1627109040,+3.53,+24.197, +6.836,+0.952
1627109640,+3.53,+24.214, +6.828,+0.952
1627110240,+3.53,+24.205, +6.830,+0.952
1627110840,+3.53,+24.230, +6.831,+0.952
1627111440,+3.53,+24.239, +6.838,+0.952
1627112040,+3.53,+24.230, +6.829,+0.951
1627112640,+3.53,+24.247, +6.839,+0.951
1627113240,+3.53,+24.255, +6.841,+0.952
1627113840,+3.53,+24.239, +6.847,+0.951
1627114440,+3.53,+24.255, +6.842,+0.951
1627115040,+3.53,+24.264, +6.846,+0.951
1627115640,+3.53,+24.264, +6.851,+0.951
1627116240,+3.53,+24.255, +6.852,+0.951
1627116840,+3.53,+24.255, +6.852,+0.951
1627117440,+3.53,+24.264, +6.851,+0.950
1627118040,+3.53,+24.264, +6.859,+0.951
1627118640,+3.53,+24.264, +6.865,+0.951
1627119240,+3.53,+24.272, +6.862,+0.950
1627119840,+3.53,+24.272, +6.867,+0.950
1627120440,+3.53,+24.272, +6.862,+0.950
1627121040,+3.53,+24.264, +6.868,+0.950
1627121640,+3.53,+24.264, +6.866,+0.949
1627122240,+3.53,+24.281, +6.872,+0.950
1627122840,+3.53,+24.272, +6.864,+0.949
1627123440,+3.53,+24.281, +6.875,+0.949
1627124040,+3.53,+24.281, +6.875,+0.949
1627124640,+3.53,+24.281, +6.869,+0.948
1627125240,+3.53,+24.272, +6.885,+0.949
1627125840,+3.53,+24.264, +6.890,+0.949
1627126440,+3.53,+24.272, +6.887,+0.948
1627127040,+3.53,+24.272, +6.903,+0.949
1627127640,+3.53,+24.264, +6.901,+0.948
1627128240,+3.53,+24.247, +6.928,+0.948
1627128840,+3.53,+24.255, +6.919,+0.948
1627129440,+3.53,+24.255, +6.925,+0.948
1627130040,+3.53,+24.247, +6.928,+0.947
1627130640,+3.53,+24.239, +6.933,+0.947
1627131240,+3.53,+24.230, +6.942,+0.947
1627131840,+3.53,+24.230, +6.949,+0.947
1627132440,+3.53,+24.230, +6.957,+0.948
1627133040,+3.53,+24.230, +6.964,+0.948
1627133640,+3.53,+24.214, +6.970,+0.947
1627134240,+3.53,+24.222, +6.979,+0.948
1627134840,+3.53,+24.230, +6.979,+0.948
1627135440,+3.53,+24.214, +6.989,+0.948
1627136040,+3.53,+24.205, +6.995,+0.948
1627136640,+3.53,+24.188, +6.996,+0.947
1627137240,+3.53,+24.188, +7.004,+0.948
1627137840,+3.53,+24.172, +7.004,+0.947
1627138440,+3.53,+24.155, +7.017,+0.948
1627139040,+3.53,+24.138, +7.021,+0.948
1627139640,+3.53,+24.138, +7.018,+0.947
1627140240,+3.53,+24.121, +7.038,+0.948
1627140840,+3.53,+24.096, +7.032,+0.948
1627141440,+3.53,+24.096, +7.037,+0.947
1627142040,+3.53,+24.079, +7.047,+0.948
1627142640,+3.53,+24.037, +7.050,+0.948
1627143240,+3.53,+24.029, +7.059,+0.948
1627143840,+3.53,+24.021, +7.062,+0.948
1627144440,+3.53,+23.979, +7.068,+0.948
1627145040,+3.53,+23.970, +7.069,+0.948
1627145640,+3.53,+23.945, +7.073,+0.948
1627146240,+3.53,+23.920, +7.075,+0.948
1627146840,+3.53,+23.886, +7.084,+0.948
1627147440,+3.53,+23.853, +7.090,+0.948
1627148040,+3.53,+23.811, +7.096,+0.948
1627148640,+3.53,+23.769, +7.099,+0.948
1627149240,+3.53,+23.752, +7.104,+0.948
1627149840,+3.53,+23.710, +7.107,+0.948
1627150440,+3.53,+23.685, +7.118,+0.948
1627151040,+3.53,+23.643, +7.118,+0.948
1627151640,+3.53,+23.652, +7.121,+0.948
1627152240,+3.53,+23.610, +7.120,+0.948
1627152840,+3.53,+23.602, +7.115,+0.947
1627153440,+3.53,+23.585, +7.130,+0.948
1627154040,+3.53,+23.543, +7.136,+0.949
1627154640,+3.53,+23.543, +7.131,+0.948
1627155240,+3.53,+23.526, +7.132,+0.948
1627155840,+3.53,+23.493, +7.141,+0.948
1627156440,+3.53,+23.484, +7.134,+0.948
1627157040,+3.53,+23.484, +7.130,+0.948
1627157640,+3.53,+23.476, +7.133,+0.948
1627158240,+3.53,+23.468, +7.136,+0.948
1627158840,+3.53,+23.468, +7.131,+0.948
1627159440,+3.53,+23.459, +7.131,+0.948
1627160040,+3.53,+23.434, +7.145,+0.949
1627160640,+3.54,+23.442, +7.144,+0.949
1627161240,+3.54,+23.417, +7.138,+0.948
1627161840,+3.53,+23.426, +7.136,+0.948
1627162440,+3.53,+23.426, +7.137,+0.948
1627163040,+3.53,+23.426, +7.134,+0.948
1627163640,+3.53,+23.442, +7.140,+0.948
1627164240,+3.53,+23.417, +7.143,+0.948
1627164840,+3.53,+23.426, +7.144,+0.948
1627165440,+3.53,+23.426, +7.136,+0.948
1627166040,+3.53,+23.434, +7.137,+0.948
1627166640,+3.54,+23.442, +7.138,+0.948
1627167240,+3.53,+23.451, +7.134,+0.948
1627167840,+3.53,+23.476, +7.119,+0.948
1627168440,+3.53,+23.468, +7.134,+0.948
