7450-688268
OS REV: 1.05 Sensor Cal: 1617728128
Time (sec),  BV (Volts),  T (deg C),  DO (mg/l),  Q ()
1630794660,+3.51,+16.028, +8.027,+0.947
1630795260,+3.51,+16.045, +8.025,+0.947
1630795860,+3.51,+16.036, +8.043,+0.947
1630796460,+3.51,+16.019, +8.035,+0.947
1630797060,+3.51,+16.011, +8.042,+0.947
1630797660,+3.51,+16.053, +8.031,+0.947
1630798260,+3.51,+16.036, +8.027,+0.947
1630798860,+3.51,+16.011, +8.007,+0.947
1630799460,+3.51,+16.045, +7.977,+0.947
1630800060,+3.51,+16.045, +7.967,+0.947
1630800660,+3.51,+16.028, +7.942,+0.947
1630801260,+3.51,+16.002, +7.928,+0.946
1630801860,+3.51,+16.019, +7.924,+0.947
1630802460,+3.51,+16.036, +7.917,+0.947
1630803060,+3.51,+16.019, +7.851,+0.947
1630803660,+3.51,+16.002, +7.773,+0.947
1630804260,+3.51,+16.011, +7.700,+0.947
1630804860,+3.51,+15.985, +7.641,+0.947
1630805460,+3.51,+15.951, +7.583,+0.947
1630806060,+3.51,+15.959, +7.548,+0.948
1630806660,+3.51,+15.968, +7.500,+0.947
1630807260,+3.51,+15.968, +7.466,+0.947
1630807860,+3.51,+15.925, +7.436,+0.947
1630808460,+3.51,+15.934, +7.414,+0.948
1630809060,+3.51,+15.942, +7.396,+0.948
1630809660,+3.51,+15.951, +7.377,+0.947
1630810260,+3.51,+15.908, +7.370,+0.948
1630810860,+3.51,+15.925, +7.346,+0.947
1630811460,+3.51,+15.951, +7.337,+0.948
1630812060,+3.51,+15.959, +7.330,+0.948
1630812660,+3.51,+15.951, +7.324,+0.947
1630813260,+3.51,+15.934, +7.321,+0.948
1630813860,+3.51,+15.959, +7.310,+0.947
1630814460,+3.51,+15.959, +7.310,+0.947
1630815060,+3.51,+15.959, +7.314,+0.947
1630815660,+3.51,+15.908, +7.316,+0.947
1630816260,+3.51,+15.934, +7.325,+0.948
1630816860,+3.51,+15.951, +7.319,+0.948
1630817460,+3.51,+15.959, +7.316,+0.947
1630818060,+3.51,+15.934, +7.321,+0.948
1630818660,+3.51,+15.908, +7.327,+0.948
1630819260,+3.51,+15.951, +7.318,+0.947
1630819860,+3.51,+15.951, +7.327,+0.948
1630820460,+3.51,+15.908, +7.340,+0.948
1630821060,+3.51,+15.925, +7.325,+0.947
1630821660,+3.51,+15.951, +7.323,+0.947
1630822260,+3.51,+15.942, +7.337,+0.948
1630822860,+3.51,+15.959, +7.332,+0.947
1630823460,+3.51,+15.917, +7.339,+0.947
1630824060,+3.51,+15.917, +7.342,+0.947
1630824660,+3.51,+15.951, +7.339,+0.947
1630825260,+3.51,+15.942, +7.344,+0.947
1630825860,+3.51,+15.908, +7.351,+0.948
1630826460,+3.51,+15.959, +7.338,+0.947
1630827060,+3.51,+15.942, +7.345,+0.947
1630827660,+3.51,+15.968, +7.346,+0.947
1630828260,+3.51,+15.925, +7.359,+0.948
1630828860,+3.51,+15.934, +7.356,+0.948
1630829460,+3.51,+15.934, +7.351,+0.947
1630830060,+3.51,+15.959, +7.346,+0.947
1630830660,+3.51,+15.942, +7.359,+0.947
1630831260,+3.51,+15.925, +7.365,+0.947
1630831860,+3.51,+15.934, +7.364,+0.948
1630832460,+3.51,+15.934, +7.354,+0.947
1630833060,+3.51,+15.951, +7.362,+0.947
1630833660,+3.51,+15.951, +7.363,+0.947
1630834260,+3.51,+15.934, +7.369,+0.948
1630834860,+3.51,+15.942, +7.353,+0.947
1630835460,+3.51,+15.917, +7.366,+0.947
1630836060,+3.51,+15.976, +7.364,+0.947
1630836660,+3.51,+15.959, +7.369,+0.948
1630837260,+3.51,+15.925, +7.374,+0.947
1630837860,+3.51,+15.934, +7.364,+0.947
1630838460,+3.51,+15.934, +7.372,+0.948
1630839060,+3.51,+15.951, +7.367,+0.947
1630839660,+3.51,+15.951, +7.371,+0.947
1630840260,+3.51,+15.942, +7.371,+0.947
1630840860,+3.51,+15.934, +7.365,+0.947
1630841460,+3.51,+15.951, +7.364,+0.947
1630842060,+3.51,+15.942, +7.368,+0.947
1630842660,+3.51,+15.942, +7.374,+0.947
1630843260,+3.51,+15.976, +7.371,+0.948
1630843860,+3.51,+15.942, +7.377,+0.948
1630844460,+3.51,+15.942, +7.372,+0.947
1630845060,+3.51,+15.942, +7.363,+0.947
1630845660,+3.51,+15.942, +7.368,+0.947
1630846260,+3.51,+15.951, +7.370,+0.947
1630846860,+3.51,+15.959, +7.424,+0.947
1630847460,+3.51,+15.959, +7.484,+0.947
1630848060,+3.51,+15.959, +7.555,+0.948
1630848660,+3.51,+15.968, +7.608,+0.947
1630849260,+3.51,+15.968, +7.650,+0.947
1630849860,+3.51,+15.985, +7.686,+0.947
1630850460,+3.51,+15.985, +7.733,+0.947
1630851060,+3.51,+15.951, +7.779,+0.947
1630851660,+3.51,+16.002, +7.792,+0.947
1630852260,+3.51,+15.994, +7.825,+0.947
1630852860,+3.51,+15.994, +7.841,+0.947
1630853460,+3.51,+16.002, +7.867,+0.947
1630854060,+3.51,+15.994, +7.898,+0.947
1630854660,+3.51,+16.011, +7.903,+0.947
1630855260,+3.51,+16.002, +7.912,+0.947
1630855860,+3.51,+16.011, +7.929,+0.947
1630856460,+3.51,+16.028, +7.939,+0.946
1630857060,+3.51,+16.002, +7.950,+0.947
1630857660,+3.51,+16.011, +7.950,+0.946
1630858260,+3.51,+16.028, +7.977,+0.947
1630858860,+3.51,+16.036, +7.972,+0.947
1630859460,+3.51,+16.002, +7.986,+0.947
1630860060,+3.51,+16.019, +7.984,+0.946
1630860660,+3.51,+16.019, +8.000,+0.947
1630861260,+3.51,+16.019, +8.009,+0.947
1630861860,+3.51,+15.994, +8.006,+0.947
1630862460,+3.51,+16.002, +8.005,+0.947
1630863060,+3.51,+16.011, +8.014,+0.947
1630863660,+3.51,+16.028, +8.013,+0.947
1630864260,+3.51,+16.036, +8.018,+0.947
1630864860,+3.51,+16.019, +8.022,+0.947
1630865460,+3.51,+16.019, +8.023,+0.947
1630866060,+3.51,+16.011, +8.026,+0.947
1630866660,+3.51,+16.036, +8.022,+0.947
1630867260,+3.51,+16.045, +8.017,+0.946
1630867860,+3.51,+16.053, +8.024,+0.947
1630868460,+3.51,+16.045, +8.020,+0.947
1630869060,+3.51,+16.019, +8.016,+0.946
1630869660,+3.51,+16.036, +8.028,+0.947
1630870260,+3.51,+16.045, +8.020,+0.947
1630870860,+3.51,+16.045, +8.023,+0.947
1630871460,+3.51,+16.062, +8.026,+0.947
1630872060,+3.51,+16.070, +8.025,+0.947
1630872660,+3.51,+16.070, +8.022,+0.947
1630873260,+3.51,+16.045, +8.023,+0.947
1630873860,+3.51,+16.036, +8.025,+0.947
1630874460,+3.51,+16.062, +8.014,+0.947
1630875060,+3.51,+16.062, +8.014,+0.946
1630875660,+3.51,+16.070, +8.019,+0.947
1630876260,+3.51,+16.062, +8.016,+0.946
1630876860,+3.51,+16.070, +8.024,+0.947
1630877460,+3.51,+16.045, +8.012,+0.946
1630878060,+3.51,+16.062, +8.006,+0.946
1630878660,+3.51,+16.045, +8.012,+0.946
1630879260,+3.51,+16.062, +8.009,+0.947
1630879860,+3.51,+16.070, +8.010,+0.946
1630880460,+3.51,+16.070, +8.003,+0.946
1630881060,+3.51,+16.045, +8.018,+0.947
