7450-688268
OS REV: 1.05 Sensor Cal: 1617728128
Time (sec),  BV (Volts),  T (deg C),  DO (mg/l),  Q ()
1628300040,+3.53,+16.615, +7.122,+0.951
1628300640,+3.53,+16.615, +7.092,+0.950
1628301240,+3.53,+16.624, +7.065,+0.951
1628301840,+3.53,+16.632, +7.046,+0.951
1628302440,+3.53,+16.615, +7.028,+0.951
1628303040,+3.53,+16.632, +7.010,+0.951
1628303640,+3.53,+16.641, +6.979,+0.951
1628304240,+3.53,+16.632, +6.967,+0.951
1628304840,+3.53,+16.649, +6.943,+0.951
1628305440,+3.53,+16.649, +6.923,+0.951
1628306040,+3.53,+16.649, +6.915,+0.951
1628306640,+3.53,+16.675, +6.893,+0.950
1628307240,+3.53,+16.658, +6.888,+0.951
1628307840,+3.53,+16.666, +6.879,+0.951
1628308440,+3.53,+16.675, +6.875,+0.951
1628309040,+3.53,+16.666, +6.866,+0.951
1628309640,+3.53,+16.666, +6.868,+0.951
1628310240,+3.53,+16.675, +6.863,+0.950
1628310840,+3.53,+16.666, +6.869,+0.951
1628311440,+3.53,+16.666, +6.882,+0.951
1628312040,+3.53,+16.666, +6.881,+0.951
1628312640,+3.53,+16.649, +6.899,+0.951
1628313240,+3.53,+16.683, +6.894,+0.951
1628313840,+3.53,+16.658, +6.909,+0.951
1628314440,+3.53,+16.658, +6.915,+0.951
1628315040,+3.53,+16.666, +6.916,+0.950
1628315640,+3.53,+16.683, +6.926,+0.951
1628316240,+3.53,+16.658, +6.940,+0.951
1628316840,+3.53,+16.683, +6.934,+0.950
1628317440,+3.53,+16.675, +6.954,+0.951
1628318040,+3.53,+16.683, +6.953,+0.950
1628318640,+3.53,+16.683, +6.962,+0.950
1628319240,+3.53,+16.658, +6.972,+0.951
1628319840,+3.53,+16.666, +6.970,+0.950
1628320440,+3.53,+16.675, +6.978,+0.950
1628321040,+3.53,+16.658, +6.991,+0.951
1628321640,+3.53,+16.658, +6.993,+0.950
1628322240,+3.53,+16.649, +7.003,+0.950
1628322840,+3.53,+16.658, +7.002,+0.950
1628323440,+3.53,+16.675, +6.995,+0.950
1628324040,+3.53,+16.666, +7.006,+0.950
1628324640,+3.53,+16.658, +7.015,+0.951
1628325240,+3.53,+16.649, +7.016,+0.950
1628325840,+3.52,+16.683, +7.011,+0.950
1628326440,+3.53,+16.692, +7.022,+0.951
1628327040,+3.52,+16.683, +7.025,+0.951
1628327640,+3.53,+16.700, +7.020,+0.950
1628328240,+3.52,+16.683, +7.028,+0.950
1628328840,+3.52,+16.683, +7.027,+0.950
1628329440,+3.52,+16.683, +7.032,+0.951
1628330040,+3.52,+16.683, +7.034,+0.950
1628330640,+3.52,+16.692, +7.029,+0.950
1628331240,+3.52,+16.683, +7.038,+0.950
1628331840,+3.52,+16.692, +7.039,+0.950
1628332440,+3.52,+16.692, +7.035,+0.950
1628333040,+3.52,+16.666, +7.041,+0.950
1628333640,+3.52,+16.675, +7.045,+0.950
1628334240,+3.52,+16.675, +7.046,+0.950
1628334840,+3.52,+16.675, +7.049,+0.950
1628335440,+3.52,+16.692, +7.044,+0.950
1628336040,+3.52,+16.683, +7.047,+0.950
1628336640,+3.52,+16.675, +7.050,+0.950
1628337240,+3.52,+16.675, +7.060,+0.951
1628337840,+3.52,+16.692, +7.046,+0.950
1628338440,+3.52,+16.683, +7.049,+0.950
1628339040,+3.52,+16.683, +7.055,+0.950
1628339640,+3.52,+16.675, +7.066,+0.950
1628340240,+3.52,+16.683, +7.064,+0.950
1628340840,+3.52,+16.700, +7.113,+0.950
1628341440,+3.52,+16.675, +7.165,+0.950
1628342040,+3.52,+16.692, +7.203,+0.950
1628342640,+3.52,+16.717, +7.240,+0.950
1628343240,+3.52,+16.726, +7.273,+0.950
1628343840,+3.52,+16.717, +7.319,+0.950
1628344440,+3.52,+16.700, +7.347,+0.950
1628345040,+3.52,+16.734, +7.366,+0.950
1628345640,+3.52,+16.734, +7.399,+0.950
1628346240,+3.52,+16.734, +7.415,+0.950
1628346840,+3.52,+16.726, +7.440,+0.949
1628347440,+3.52,+16.717, +7.469,+0.950
1628348040,+3.52,+16.726, +7.485,+0.950
1628348640,+3.52,+16.717, +7.509,+0.950
1628349240,+3.52,+16.709, +7.521,+0.949
1628349840,+3.52,+16.717, +7.539,+0.950
1628350440,+3.52,+16.700, +7.553,+0.949
1628351040,+3.52,+16.726, +7.560,+0.949
1628351640,+3.52,+16.734, +7.575,+0.950
1628352240,+3.52,+16.717, +7.588,+0.950
1628352840,+3.52,+16.717, +7.597,+0.949
1628353440,+3.52,+16.683, +7.620,+0.950
1628354040,+3.52,+16.709, +7.623,+0.950
1628354640,+3.52,+16.683, +7.641,+0.950
1628355240,+3.52,+16.692, +7.647,+0.950
1628355840,+3.52,+16.700, +7.654,+0.950
1628356440,+3.52,+16.692, +7.650,+0.949
1628357040,+3.52,+16.700, +7.669,+0.950
1628357640,+3.52,+16.700, +7.671,+0.950
1628358240,+3.52,+16.683, +7.687,+0.950
1628358840,+3.52,+16.666, +7.698,+0.950
1628359440,+3.52,+16.649, +7.705,+0.950
1628360040,+3.52,+16.649, +7.705,+0.949
1628360640,+3.52,+16.658, +7.708,+0.949
1628361240,+3.52,+16.632, +7.722,+0.950
1628361840,+3.52,+16.641, +7.728,+0.950
1628362440,+3.52,+16.649, +7.733,+0.950
1628363040,+3.52,+16.641, +7.743,+0.950
1628363640,+3.52,+16.649, +7.731,+0.949
1628364240,+3.52,+16.632, +7.744,+0.950
1628364840,+3.52,+16.641, +7.746,+0.950
1628365440,+3.52,+16.641, +7.747,+0.950
1628366040,+3.52,+16.607, +7.759,+0.950
1628366640,+3.52,+16.615, +7.764,+0.950
1628367240,+3.52,+16.615, +7.772,+0.950
1628367840,+3.52,+16.624, +7.772,+0.950
1628368440,+3.52,+16.632, +7.777,+0.950
1628369040,+3.52,+16.658, +7.779,+0.950
1628369640,+3.52,+16.649, +7.776,+0.950
1628370240,+3.52,+16.649, +7.776,+0.950
1628370840,+3.52,+16.666, +7.785,+0.950
1628371440,+3.52,+16.666, +7.775,+0.949
1628372040,+3.52,+16.683, +7.790,+0.950
1628372640,+3.52,+16.675, +7.803,+0.950
1628373240,+3.52,+16.675, +7.815,+0.950
1628373840,+3.52,+16.692, +7.805,+0.949
1628374440,+3.52,+16.683, +7.816,+0.950
1628375040,+3.52,+16.675, +7.832,+0.950
1628375640,+3.52,+16.683, +7.829,+0.950
1628376240,+3.52,+16.709, +7.825,+0.949
1628376840,+3.52,+16.692, +7.846,+0.950
1628377440,+3.52,+16.700, +7.846,+0.950
1628378040,+3.52,+16.709, +7.859,+0.950
1628378640,+3.51,+16.700, +7.860,+0.950
1628379240,+3.52,+16.760, +7.856,+0.950
1628379840,+3.52,+16.785, +7.849,+0.950
1628380440,+3.52,+16.785, +7.840,+0.950
1628381040,+3.52,+16.768, +7.825,+0.950
1628381640,+3.51,+16.751, +7.817,+0.950
1628382240,+3.51,+16.734, +7.821,+0.950
1628382840,+3.51,+16.700, +7.799,+0.949
1628383440,+3.51,+16.658, +7.750,+0.950
1628384040,+3.51,+16.624, +7.696,+0.950
1628384640,+3.51,+16.615, +7.644,+0.950
1628385240,+3.52,+16.590, +7.591,+0.950
1628385840,+3.51,+16.573, +7.548,+0.950
1628386440,+3.51,+16.573, +7.494,+0.950
