7450-921379
OS REV: 1.05 Sensor Cal: 1626890847
Time (sec),  BV (Volts),  T (deg C),  DO (mg/l),  Q ()
1630090980,+3.51,+17.029, +8.139,+0.980
1630091580,+3.51,+17.046, +8.137,+0.980
1630092180,+3.51,+17.037, +8.131,+0.980
1630092780,+3.51,+17.037, +8.135,+0.980
1630093380,+3.51,+17.037, +8.138,+0.980
1630093980,+3.51,+17.029, +8.144,+0.981
1630094580,+3.51,+17.037, +8.134,+0.980
1630095180,+3.51,+17.046, +8.143,+0.980
1630095780,+3.51,+17.029, +8.150,+0.980
1630096380,+3.51,+17.037, +8.139,+0.980
1630096980,+3.51,+17.029, +8.147,+0.980
1630097580,+3.51,+17.037, +8.141,+0.980
1630098180,+3.51,+17.046, +8.144,+0.980
1630098780,+3.51,+17.037, +8.143,+0.980
1630099380,+3.51,+17.046, +8.148,+0.981
1630099980,+3.51,+17.046, +8.147,+0.980
1630100580,+3.51,+17.029, +8.159,+0.981
1630101180,+3.51,+17.046, +8.152,+0.980
1630101780,+3.51,+17.037, +8.158,+0.980
1630102380,+3.51,+17.063, +8.150,+0.980
1630102980,+3.51,+17.037, +8.154,+0.980
1630103580,+3.51,+17.046, +8.149,+0.980
1630104180,+3.51,+17.037, +8.154,+0.980
1630104780,+3.51,+17.046, +8.160,+0.981
1630105380,+3.51,+17.046, +8.154,+0.980
1630105980,+3.52,+17.037, +8.150,+0.980
1630106580,+3.51,+17.054, +8.153,+0.980
1630107180,+3.52,+17.029, +8.161,+0.980
1630107780,+3.51,+17.029, +8.163,+0.981
1630108380,+3.51,+17.054, +8.153,+0.980
1630108980,+3.51,+17.054, +8.147,+0.980
1630109580,+3.52,+17.046, +8.154,+0.980
1630110180,+3.52,+17.054, +8.151,+0.980
1630110780,+3.52,+17.071, +8.145,+0.980
1630111380,+3.51,+17.012, +8.167,+0.981
1630111980,+3.51,+17.046, +8.147,+0.980
1630112580,+3.51,+17.046, +8.150,+0.980
1630113180,+3.52,+17.054, +8.134,+0.980
1630113780,+3.52,+17.054, +8.138,+0.980
1630114380,+3.51,+17.054, +8.130,+0.981
1630114980,+3.51,+17.046, +8.112,+0.979
1630115580,+3.51,+17.037, +8.125,+0.980
1630116180,+3.52,+17.029, +8.118,+0.980
1630116780,+3.51,+17.046, +8.116,+0.980
1630117380,+3.52,+17.029, +8.124,+0.980
1630117980,+3.52,+17.012, +8.126,+0.980
1630118580,+3.52,+17.012, +8.132,+0.980
1630119180,+3.52,+17.003, +8.127,+0.980
1630119780,+3.51,+17.012, +8.132,+0.980
1630120380,+3.52,+17.020, +8.133,+0.980
1630120980,+3.52,+17.012, +8.124,+0.980
1630121580,+3.52,+17.003, +8.121,+0.980
1630122180,+3.52,+17.003, +8.132,+0.980
1630122780,+3.52,+17.003, +8.127,+0.981
1630123380,+3.52,+17.003, +8.127,+0.980
1630123980,+3.52,+17.012, +8.125,+0.980
1630124580,+3.52,+17.012, +8.120,+0.980
1630125180,+3.52,+16.995, +8.123,+0.980
1630125780,+3.52,+17.012, +8.125,+0.981
1630126380,+3.51,+17.029, +8.110,+0.980
1630126980,+3.52,+17.012, +8.121,+0.980
1630127580,+3.52,+17.020, +8.115,+0.980
1630128180,+3.52,+17.029, +8.116,+0.980
1630128780,+3.52,+17.029, +8.125,+0.980
1630129380,+3.52,+17.029, +8.119,+0.980
1630129980,+3.52,+17.037, +8.113,+0.980
1630130580,+3.52,+17.029, +8.112,+0.980
1630131180,+3.52,+17.020, +8.121,+0.980
1630131780,+3.52,+17.012, +8.131,+0.981
1630132380,+3.52,+17.012, +8.120,+0.980
1630132980,+3.52,+17.020, +8.118,+0.980
1630133580,+3.52,+17.037, +8.111,+0.980
1630134180,+3.52,+17.012, +8.131,+0.980
1630134780,+3.52,+17.037, +8.126,+0.980
1630135380,+3.51,+17.029, +8.137,+0.981
1630135980,+3.52,+17.037, +8.121,+0.980
1630136580,+3.52,+17.046, +8.123,+0.980
1630137180,+3.52,+17.046, +8.115,+0.980
1630137780,+3.52,+17.029, +8.122,+0.980
1630138380,+3.52,+17.037, +8.121,+0.980
1630138980,+3.52,+17.029, +8.122,+0.980
1630139580,+3.51,+17.029, +8.121,+0.980
1630140180,+3.52,+17.029, +8.119,+0.980
1630140780,+3.52,+17.029, +8.115,+0.980
1630141380,+3.52,+17.029, +8.124,+0.980
1630141980,+3.52,+17.020, +8.132,+0.980
1630142580,+3.52,+17.046, +8.121,+0.980
1630143180,+3.52,+17.054, +8.128,+0.980
1630143780,+3.51,+17.054, +8.136,+0.980
1630144380,+3.51,+17.054, +8.128,+0.980
1630144980,+3.51,+17.071, +8.112,+0.980
1630145580,+3.52,+17.080, +8.115,+0.980
1630146180,+3.51,+17.063, +8.124,+0.980
1630146780,+3.52,+17.080, +8.115,+0.980
1630147380,+3.51,+17.088, +8.125,+0.980
1630147980,+3.52,+17.088, +8.121,+0.980
1630148580,+3.51,+17.080, +8.131,+0.980
1630149180,+3.51,+17.088, +8.129,+0.980
1630149780,+3.52,+17.071, +8.119,+0.980
1630150380,+3.52,+17.071, +8.119,+0.980
1630150980,+3.51,+17.063, +8.116,+0.980
1630151580,+3.52,+17.029, +8.122,+0.980
1630152180,+3.51,+17.020, +8.129,+0.980
1630152780,+3.52,+17.046, +8.121,+0.980
1630153380,+3.52,+17.020, +8.133,+0.980
1630153980,+3.52,+17.020, +8.131,+0.980
1630154580,+3.52,+17.012, +8.145,+0.980
1630155180,+3.52,+17.020, +8.140,+0.980
1630155780,+3.51,+17.012, +8.143,+0.980
1630156380,+3.52,+17.003, +8.152,+0.980
1630156980,+3.52,+17.046, +8.139,+0.980
1630157580,+3.51,+17.054, +8.153,+0.980
1630158180,+3.51,+17.046, +8.163,+0.981
1630158780,+3.51,+17.054, +8.161,+0.980
1630159380,+3.52,+17.046, +8.166,+0.980
1630159980,+3.52,+17.063, +8.173,+0.980
1630160580,+3.51,+17.054, +8.168,+0.980
1630161180,+3.52,+17.046, +8.179,+0.980
1630161780,+3.52,+17.063, +8.183,+0.980
1630162380,+3.52,+17.071, +8.179,+0.980
1630162980,+3.51,+17.071, +8.178,+0.980
1630163580,+3.52,+17.080, +8.175,+0.980
1630164180,+3.52,+17.071, +8.178,+0.980
1630164780,+3.51,+17.080, +8.184,+0.980
1630165380,+3.51,+17.071, +8.186,+0.980
1630165980,+3.51,+17.063, +8.198,+0.980
1630166580,+3.51,+17.071, +8.196,+0.980
1630167180,+3.51,+17.088, +8.181,+0.980
1630167780,+3.51,+17.063, +8.199,+0.980
1630168380,+3.51,+17.054, +8.203,+0.980
1630168980,+3.51,+17.071, +8.198,+0.980
1630169580,+3.51,+17.071, +8.195,+0.980
1630170180,+3.51,+17.080, +8.206,+0.980
1630170780,+3.51,+17.080, +8.200,+0.980
1630171380,+3.51,+17.063, +8.204,+0.979
1630171980,+3.51,+17.080, +8.205,+0.980
1630172580,+3.51,+17.088, +8.196,+0.980
1630173180,+3.51,+17.080, +8.215,+0.980
1630173780,+3.51,+17.080, +8.207,+0.980
1630174380,+3.51,+17.071, +8.212,+0.980
1630174980,+3.52,+17.080, +8.219,+0.980
1630175580,+3.51,+17.080, +8.205,+0.980
1630176180,+3.51,+17.080, +8.210,+0.980
1630176780,+3.51,+17.063, +8.205,+0.980
1630177380,+3.51,+17.071, +8.211,+0.980
