7450-921379
OS REV: 1.05 Sensor Cal: 1626890847
Time (sec),  BV (Volts),  T (deg C),  DO (mg/l),  Q ()
1630612980,+3.52,+16.995, +8.139,+0.978
1630613580,+3.51,+16.995, +8.135,+0.978
1630614180,+3.52,+17.012, +8.139,+0.978
1630614780,+3.52,+17.003, +8.127,+0.978
1630615380,+3.51,+17.003, +8.135,+0.978
1630615980,+3.51,+17.003, +8.133,+0.978
1630616580,+3.52,+16.978, +8.139,+0.978
1630617180,+3.52,+16.995, +8.135,+0.978
1630617780,+3.51,+16.969, +8.147,+0.978
1630618380,+3.52,+17.003, +8.128,+0.977
1630618980,+3.52,+16.986, +8.137,+0.978
1630619580,+3.51,+16.986, +8.140,+0.978
1630620180,+3.52,+16.969, +8.154,+0.978
1630620780,+3.52,+16.978, +8.143,+0.978
1630621380,+3.52,+16.969, +8.149,+0.978
1630621980,+3.52,+16.986, +8.145,+0.978
1630622580,+3.51,+16.961, +8.154,+0.978
1630623180,+3.52,+16.986, +8.146,+0.978
1630623780,+3.51,+16.978, +8.143,+0.978
1630624380,+3.52,+16.986, +8.144,+0.978
1630624980,+3.52,+17.012, +8.136,+0.978
1630625580,+3.52,+16.969, +8.147,+0.978
1630626180,+3.52,+16.986, +8.143,+0.978
1630626780,+3.52,+16.978, +8.143,+0.978
1630627380,+3.52,+16.969, +8.149,+0.978
1630627980,+3.52,+16.978, +8.146,+0.978
1630628580,+3.52,+16.978, +8.148,+0.978
1630629180,+3.52,+16.995, +8.141,+0.978
1630629780,+3.52,+16.978, +8.159,+0.978
1630630380,+3.52,+16.969, +8.150,+0.978
1630630980,+3.52,+16.961, +8.162,+0.978
1630631580,+3.52,+16.969, +8.154,+0.978
1630632180,+3.52,+16.995, +8.155,+0.978
1630632780,+3.52,+17.012, +8.141,+0.978
1630633380,+3.52,+17.003, +8.144,+0.978
1630633980,+3.52,+16.986, +8.144,+0.978
1630634580,+3.52,+16.995, +8.150,+0.978
1630635180,+3.52,+16.978, +8.147,+0.978
1630635780,+3.52,+16.986, +8.133,+0.977
1630636380,+3.52,+16.986, +8.138,+0.978
1630636980,+3.52,+16.995, +8.138,+0.978
1630637580,+3.52,+16.978, +8.142,+0.978
1630638180,+3.52,+16.986, +8.136,+0.978
1630638780,+3.52,+16.995, +8.135,+0.978
1630639380,+3.52,+16.986, +8.139,+0.978
1630639980,+3.52,+16.986, +8.138,+0.978
1630640580,+3.52,+17.003, +8.130,+0.977
1630641180,+3.52,+17.003, +8.135,+0.977
1630641780,+3.52,+17.003, +8.139,+0.978
1630642380,+3.52,+17.003, +8.131,+0.977
1630642980,+3.52,+16.986, +8.144,+0.978
1630643580,+3.51,+17.012, +8.138,+0.978
1630644180,+3.52,+16.995, +8.141,+0.978
1630644780,+3.52,+17.012, +8.138,+0.978
1630645380,+3.51,+17.020, +8.134,+0.978
1630645980,+3.52,+17.020, +8.141,+0.978
1630646580,+3.52,+17.020, +8.144,+0.978
1630647180,+3.52,+17.020, +8.135,+0.978
1630647780,+3.51,+17.012, +8.138,+0.978
1630648380,+3.52,+17.012, +8.140,+0.978
1630648980,+3.51,+17.029, +8.135,+0.977
1630649580,+3.51,+17.012, +8.135,+0.977
1630650180,+3.52,+17.020, +8.139,+0.978
1630650780,+3.52,+17.029, +8.144,+0.978
1630651380,+3.52,+17.029, +8.145,+0.978
1630651980,+3.52,+17.012, +8.139,+0.978
1630652580,+3.51,+17.046, +8.138,+0.978
1630653180,+3.51,+17.029, +8.138,+0.978
1630653780,+3.52,+17.029, +8.133,+0.977
1630654380,+3.52,+17.037, +8.135,+0.978
1630654980,+3.52,+17.020, +8.135,+0.977
1630655580,+3.52,+17.020, +8.142,+0.978
1630656180,+3.52,+17.029, +8.139,+0.977
1630656780,+3.52,+17.029, +8.141,+0.978
1630657380,+3.51,+17.003, +8.150,+0.978
1630657980,+3.52,+17.012, +8.145,+0.978
1630658580,+3.52,+17.012, +8.146,+0.978
1630659180,+3.52,+17.029, +8.140,+0.978
1630659780,+3.51,+17.020, +8.143,+0.978
1630660380,+3.51,+17.020, +8.143,+0.978
1630660980,+3.51,+17.012, +8.148,+0.978
1630661580,+3.51,+17.020, +8.137,+0.978
1630662180,+3.51,+17.029, +8.142,+0.978
1630662780,+3.51,+17.003, +8.134,+0.977
1630663380,+3.52,+17.012, +8.139,+0.977
1630663980,+3.52,+17.003, +8.145,+0.978
1630664580,+3.52,+17.029, +8.145,+0.978
1630665180,+3.52,+17.020, +8.142,+0.977
1630665780,+3.52,+17.012, +8.146,+0.977
1630666380,+3.52,+17.012, +8.142,+0.977
1630666980,+3.52,+17.020, +8.142,+0.977
1630667580,+3.52,+17.020, +8.148,+0.978
1630668180,+3.52,+17.020, +8.151,+0.977
1630668780,+3.52,+17.003, +8.156,+0.977
1630669380,+3.52,+17.029, +8.155,+0.978
1630669980,+3.52,+17.012, +8.165,+0.978
1630670580,+3.52,+17.029, +8.158,+0.977
1630671180,+3.52,+17.012, +8.167,+0.978
1630671780,+3.52,+17.020, +8.170,+0.978
1630672380,+3.52,+17.012, +8.160,+0.978
1630672980,+3.52,+17.003, +8.152,+0.978
1630673580,+3.52,+17.003, +8.167,+0.978
1630674180,+3.52,+16.995, +8.176,+0.978
1630674780,+3.52,+16.995, +8.173,+0.978
1630675380,+3.52,+16.995, +8.171,+0.978
1630675980,+3.52,+16.995, +8.182,+0.978
1630676580,+3.51,+17.012, +8.165,+0.977
1630677180,+3.51,+17.029, +8.172,+0.977
1630677780,+3.52,+17.037, +8.174,+0.978
1630678380,+3.51,+17.063, +8.167,+0.978
1630678980,+3.51,+17.054, +8.171,+0.977
1630679580,+3.51,+17.046, +8.172,+0.977
1630680180,+3.52,+17.063, +8.179,+0.978
1630680780,+3.52,+17.105, +8.167,+0.978
1630681380,+3.52,+17.080, +8.184,+0.978
1630681980,+3.51,+17.080, +8.183,+0.978
1630682580,+3.52,+17.063, +8.169,+0.978
1630683180,+3.51,+17.097, +8.143,+0.978
1630683780,+3.51,+17.122, +8.120,+0.977
1630684380,+3.51,+17.173, +8.129,+0.978
1630684980,+3.51,+17.181, +8.119,+0.977
1630685580,+3.51,+17.224, +8.099,+0.977
1630686180,+3.51,+17.249, +8.111,+0.977
1630686780,+3.51,+17.266, +8.094,+0.977
1630687380,+3.51,+17.300, +8.085,+0.977
1630687980,+3.51,+17.317, +8.091,+0.977
1630688580,+3.51,+17.351, +8.087,+0.977
1630689180,+3.51,+17.384, +8.088,+0.977
1630689780,+3.51,+17.393, +8.086,+0.977
1630690380,+3.51,+17.427, +8.073,+0.977
1630690980,+3.51,+17.427, +8.078,+0.977
1630691580,+3.51,+17.469, +8.072,+0.977
1630692180,+3.51,+17.486, +8.059,+0.977
1630692780,+3.51,+17.503, +8.058,+0.977
1630693380,+3.51,+17.520, +8.058,+0.977
1630693980,+3.51,+17.528, +8.047,+0.977
1630694580,+3.51,+17.545, +8.042,+0.977
1630695180,+3.51,+17.579, +8.031,+0.977
1630695780,+3.51,+17.579, +8.033,+0.977
1630696380,+3.51,+17.604, +8.025,+0.977
1630696980,+3.51,+17.596, +8.034,+0.977
1630697580,+3.51,+17.630, +8.013,+0.977
1630698180,+3.51,+17.647, +8.020,+0.977
1630698780,+3.51,+17.647, +8.016,+0.977
1630699380,+3.51,+17.663, +8.021,+0.977
