7450-432269
OS REV: 1.05 Sensor Cal: 1617731107
Time (sec),  BV (Volts),  T (deg C),  DO (mg/l),  Q ()
1630095900,+3.51,+16.090, +8.153,+0.972
1630096500,+3.51,+16.099, +8.157,+0.972
1630097100,+3.51,+16.073, +8.172,+0.972
1630097700,+3.51,+16.047, +8.170,+0.972
1630098300,+3.51,+16.082, +8.155,+0.971
1630098900,+3.51,+16.082, +8.176,+0.972
1630099500,+3.51,+16.090, +8.172,+0.972
1630100100,+3.51,+16.056, +8.170,+0.971
1630100700,+3.51,+16.090, +8.161,+0.971
1630101300,+3.51,+16.082, +8.172,+0.971
1630101900,+3.51,+16.082, +8.169,+0.972
1630102500,+3.51,+16.030, +8.179,+0.972
1630103100,+3.51,+16.013, +8.176,+0.971
1630103700,+3.51,+16.013, +8.172,+0.971
1630104300,+3.51,+15.996, +8.192,+0.972
1630104900,+3.51,+15.996, +8.183,+0.971
1630105500,+3.51,+15.979, +8.185,+0.972
1630106100,+3.51,+16.013, +8.180,+0.971
1630106700,+3.51,+15.979, +8.189,+0.972
1630107300,+3.51,+16.022, +8.190,+0.972
1630107900,+3.51,+15.988, +8.188,+0.972
1630108500,+3.51,+16.013, +8.189,+0.972
1630109100,+3.51,+16.013, +8.179,+0.971
1630109700,+3.51,+16.039, +8.184,+0.972
1630110300,+3.51,+16.047, +8.174,+0.971
1630110900,+3.51,+16.013, +8.181,+0.972
1630111500,+3.51,+16.030, +8.168,+0.972
1630112100,+3.51,+16.005, +8.084,+0.971
1630112700,+3.51,+16.013, +8.019,+0.971
1630113300,+3.51,+15.971, +7.972,+0.972
1630113900,+3.51,+16.013, +7.920,+0.972
1630114500,+3.51,+15.971, +7.879,+0.972
1630115100,+3.51,+15.979, +7.832,+0.972
1630115700,+3.51,+15.988, +7.804,+0.972
1630116300,+3.51,+15.945, +7.770,+0.972
1630116900,+3.51,+15.988, +7.736,+0.972
1630117500,+3.51,+15.962, +7.734,+0.972
1630118100,+3.51,+15.962, +7.698,+0.972
1630118700,+3.51,+15.979, +7.680,+0.972
1630119300,+3.51,+15.988, +7.661,+0.972
1630119900,+3.51,+15.962, +7.649,+0.971
1630120500,+3.51,+15.962, +7.638,+0.972
1630121100,+3.51,+15.971, +7.632,+0.972
1630121700,+3.51,+15.971, +7.625,+0.972
1630122300,+3.51,+15.962, +7.606,+0.972
1630122900,+3.51,+15.971, +7.592,+0.972
1630123500,+3.51,+15.979, +7.598,+0.972
1630124100,+3.51,+15.954, +7.597,+0.972
1630124700,+3.51,+15.971, +7.580,+0.972
1630125300,+3.51,+15.971, +7.579,+0.972
1630125900,+3.51,+15.971, +7.572,+0.972
1630126500,+3.51,+15.962, +7.569,+0.972
1630127100,+3.51,+15.971, +7.567,+0.972
1630127700,+3.51,+15.962, +7.564,+0.972
1630128300,+3.51,+15.971, +7.564,+0.972
1630128900,+3.51,+15.954, +7.555,+0.971
1630129500,+3.51,+15.954, +7.562,+0.972
1630130100,+3.51,+15.971, +7.555,+0.972
1630130700,+3.51,+15.971, +7.547,+0.972
1630131300,+3.51,+15.979, +7.541,+0.971
1630131900,+3.51,+15.988, +7.544,+0.972
1630132500,+3.51,+15.954, +7.558,+0.972
1630133100,+3.51,+15.954, +7.545,+0.972
1630133700,+3.51,+15.962, +7.554,+0.972
1630134300,+3.51,+15.971, +7.552,+0.972
1630134900,+3.51,+15.954, +7.545,+0.972
1630135500,+3.51,+15.971, +7.544,+0.972
1630136100,+3.51,+15.954, +7.560,+0.972
1630136700,+3.51,+15.954, +7.552,+0.972
1630137300,+3.51,+15.954, +7.554,+0.972
1630137900,+3.51,+15.971, +7.545,+0.972
1630138500,+3.51,+15.988, +7.548,+0.972
1630139100,+3.51,+15.962, +7.540,+0.972
1630139700,+3.51,+15.971, +7.542,+0.972
1630140300,+3.51,+15.971, +7.535,+0.971
1630140900,+3.51,+15.979, +7.540,+0.972
1630141500,+3.51,+15.945, +7.546,+0.972
1630142100,+3.51,+15.962, +7.547,+0.972
1630142700,+3.51,+15.971, +7.547,+0.972
1630143300,+3.51,+15.962, +7.548,+0.972
1630143900,+3.51,+15.954, +7.547,+0.972
1630144500,+3.51,+15.971, +7.539,+0.972
1630145100,+3.51,+15.962, +7.544,+0.972
1630145700,+3.51,+15.945, +7.548,+0.972
1630146300,+3.51,+15.962, +7.544,+0.972
1630146900,+3.51,+15.971, +7.544,+0.972
1630147500,+3.51,+15.954, +7.558,+0.972
1630148100,+3.51,+15.979, +7.542,+0.972
1630148700,+3.51,+15.979, +7.541,+0.971
1630149300,+3.51,+15.979, +7.552,+0.972
1630149900,+3.51,+15.954, +7.545,+0.972
1630150500,+3.51,+15.962, +7.546,+0.972
1630151100,+3.51,+15.988, +7.542,+0.971
1630151700,+3.51,+15.971, +7.555,+0.972
1630152300,+3.51,+15.971, +7.555,+0.972
1630152900,+3.51,+15.971, +7.553,+0.972
1630153500,+3.51,+15.979, +7.552,+0.972
1630154100,+3.51,+15.988, +7.557,+0.972
1630154700,+3.51,+15.962, +7.563,+0.972
1630155300,+3.51,+15.979, +7.581,+0.972
1630155900,+3.51,+16.005, +7.658,+0.972
1630156500,+3.51,+15.988, +7.721,+0.972
1630157100,+3.51,+15.996, +7.779,+0.972
1630157700,+3.51,+15.971, +7.825,+0.972
1630158300,+3.51,+16.005, +7.868,+0.971
1630158900,+3.51,+15.979, +7.911,+0.972
1630159500,+3.51,+16.030, +7.949,+0.972
1630160100,+3.51,+16.013, +7.990,+0.972
1630160700,+3.51,+16.013, +8.002,+0.972
1630161300,+3.51,+16.030, +8.037,+0.972
1630161900,+3.51,+16.056, +8.054,+0.972
1630162500,+3.51,+16.047, +8.069,+0.972
1630163100,+3.51,+16.056, +8.077,+0.971
1630163700,+3.51,+16.056, +8.109,+0.972
1630164300,+3.51,+16.073, +8.111,+0.972
1630164900,+3.51,+16.056, +8.121,+0.972
1630165500,+3.51,+16.082, +8.134,+0.972
1630166100,+3.51,+16.056, +8.145,+0.972
1630166700,+3.51,+16.073, +8.142,+0.971
1630167300,+3.51,+16.064, +8.160,+0.972
1630167900,+3.51,+16.090, +8.163,+0.972
1630168500,+3.51,+16.056, +8.169,+0.972
1630169100,+3.51,+16.090, +8.173,+0.972
1630169700,+3.51,+16.090, +8.181,+0.972
1630170300,+3.51,+16.047, +8.194,+0.972
1630170900,+3.51,+16.047, +8.184,+0.971
1630171500,+3.51,+16.064, +8.203,+0.972
1630172100,+3.51,+16.064, +8.193,+0.972
1630172700,+3.51,+16.082, +8.189,+0.971
1630173300,+3.51,+16.082, +8.202,+0.972
1630173900,+3.51,+16.073, +8.204,+0.971
1630174500,+3.51,+16.039, +8.209,+0.972
1630175100,+3.51,+16.073, +8.208,+0.972
1630175700,+3.51,+16.064, +8.211,+0.971
1630176300,+3.51,+16.064, +8.210,+0.972
1630176900,+3.51,+16.047, +8.216,+0.971
1630177500,+3.51,+16.064, +8.216,+0.971
1630178100,+3.51,+16.047, +8.216,+0.971
1630178700,+3.51,+16.056, +8.223,+0.972
1630179300,+3.51,+16.064, +8.228,+0.972
1630179900,+3.51,+16.064, +8.230,+0.972
1630180500,+3.51,+16.064, +8.216,+0.972
1630181100,+3.51,+16.064, +8.217,+0.971
1630181700,+3.51,+16.064, +8.226,+0.972
1630182300,+3.51,+16.056, +8.213,+0.971
