7450-432269
OS REV: 1.05 Sensor Cal: 1617731107
Time (sec),  BV (Volts),  T (deg C),  DO (mg/l),  Q ()
1629921900,+3.51,+16.082, +8.181,+0.971
1629922500,+3.51,+16.082, +8.194,+0.972
1629923100,+3.51,+16.082, +8.185,+0.972
1629923700,+3.51,+16.090, +8.182,+0.972
1629924300,+3.51,+16.073, +8.195,+0.972
1629924900,+3.51,+16.064, +8.198,+0.972
1629925500,+3.51,+16.073, +8.178,+0.972
1629926100,+3.51,+16.099, +8.179,+0.972
1629926700,+3.51,+16.082, +8.186,+0.972
1629927300,+3.51,+16.082, +8.185,+0.972
1629927900,+3.51,+16.073, +8.184,+0.972
1629928500,+3.51,+16.082, +8.178,+0.972
1629929100,+3.51,+16.090, +8.177,+0.972
1629929700,+3.51,+16.082, +8.178,+0.972
1629930300,+3.51,+16.082, +8.169,+0.972
1629930900,+3.51,+16.073, +8.180,+0.972
1629931500,+3.51,+16.082, +8.179,+0.972
1629932100,+3.51,+16.073, +8.167,+0.972
1629932700,+3.51,+16.090, +8.172,+0.972
1629933300,+3.51,+16.090, +8.172,+0.972
1629933900,+3.51,+16.056, +8.171,+0.972
1629934500,+3.51,+16.090, +8.164,+0.972
1629935100,+3.51,+16.090, +8.176,+0.972
1629935700,+3.51,+16.056, +8.169,+0.972
1629936300,+3.51,+16.090, +8.171,+0.972
1629936900,+3.51,+16.073, +8.172,+0.972
1629937500,+3.51,+16.073, +8.156,+0.971
1629938100,+3.51,+16.090, +8.159,+0.972
1629938700,+3.51,+16.082, +8.159,+0.972
1629939300,+3.51,+16.073, +8.072,+0.972
1629939900,+3.51,+16.056, +8.019,+0.972
1629940500,+3.51,+16.039, +7.967,+0.972
1629941100,+3.51,+16.047, +7.913,+0.972
1629941700,+3.51,+16.056, +7.877,+0.972
1629942300,+3.51,+16.022, +7.848,+0.972
1629942900,+3.51,+16.030, +7.819,+0.972
1629943500,+3.51,+16.030, +7.794,+0.972
1629944100,+3.51,+16.030, +7.781,+0.972
1629944700,+3.51,+16.022, +7.753,+0.972
1629945300,+3.51,+16.005, +7.749,+0.972
1629945900,+3.51,+16.022, +7.731,+0.972
1629946500,+3.51,+16.022, +7.718,+0.972
1629947100,+3.51,+16.022, +7.704,+0.971
1629947700,+3.51,+16.013, +7.704,+0.972
1629948300,+3.51,+16.030, +7.694,+0.972
1629948900,+3.51,+16.039, +7.685,+0.972
1629949500,+3.51,+16.022, +7.685,+0.972
1629950100,+3.51,+16.005, +7.672,+0.972
1629950700,+3.51,+16.022, +7.669,+0.972
1629951300,+3.51,+16.039, +7.667,+0.972
1629951900,+3.51,+16.022, +7.661,+0.972
1629952500,+3.51,+16.022, +7.664,+0.972
1629953100,+3.51,+16.013, +7.650,+0.972
1629953700,+3.51,+16.013, +7.659,+0.972
1629954300,+3.51,+16.030, +7.650,+0.972
1629954900,+3.51,+16.013, +7.652,+0.972
1629955500,+3.51,+15.996, +7.641,+0.972
1629956100,+3.51,+15.996, +7.654,+0.973
1629956700,+3.51,+16.022, +7.642,+0.972
1629957300,+3.51,+16.030, +7.645,+0.972
1629957900,+3.51,+16.013, +7.644,+0.972
1629958500,+3.51,+16.022, +7.635,+0.972
1629959100,+3.51,+16.013, +7.636,+0.972
1629959700,+3.51,+16.030, +7.632,+0.972
1629960300,+3.51,+16.030, +7.639,+0.972
1629960900,+3.51,+16.013, +7.642,+0.972
1629961500,+3.51,+15.996, +7.636,+0.972
1629962100,+3.51,+16.022, +7.637,+0.972
1629962700,+3.51,+16.030, +7.630,+0.972
1629963300,+3.51,+16.013, +7.634,+0.972
1629963900,+3.51,+16.030, +7.642,+0.973
1629964500,+3.51,+15.996, +7.635,+0.972
1629965100,+3.51,+16.022, +7.636,+0.972
1629965700,+3.51,+16.030, +7.624,+0.972
1629966300,+3.51,+16.022, +7.635,+0.972
1629966900,+3.51,+16.030, +7.635,+0.972
1629967500,+3.51,+15.988, +7.639,+0.972
1629968100,+3.51,+15.996, +7.634,+0.972
1629968700,+3.51,+15.988, +7.638,+0.972
1629969300,+3.51,+16.005, +7.629,+0.972
1629969900,+3.51,+16.005, +7.640,+0.972
1629970500,+3.51,+15.996, +7.635,+0.972
1629971100,+3.51,+16.022, +7.622,+0.972
1629971700,+3.51,+16.022, +7.626,+0.972
1629972300,+3.51,+16.013, +7.630,+0.972
1629972900,+3.51,+16.022, +7.626,+0.972
1629973500,+3.51,+16.030, +7.634,+0.972
1629974100,+3.51,+16.005, +7.639,+0.972
1629974700,+3.51,+15.988, +7.635,+0.972
1629975300,+3.51,+15.979, +7.638,+0.972
1629975900,+3.51,+16.005, +7.626,+0.972
1629976500,+3.51,+16.005, +7.634,+0.972
1629977100,+3.51,+16.005, +7.633,+0.972
1629977700,+3.51,+15.996, +7.635,+0.972
1629978300,+3.51,+15.996, +7.625,+0.971
1629978900,+3.51,+16.013, +7.630,+0.972
1629979500,+3.51,+15.988, +7.626,+0.972
1629980100,+3.51,+16.005, +7.626,+0.972
1629980700,+3.51,+16.022, +7.622,+0.972
1629981300,+3.51,+16.022, +7.628,+0.972
1629981900,+3.51,+16.013, +7.633,+0.972
1629982500,+3.51,+16.022, +7.644,+0.972
1629983100,+3.51,+16.030, +7.713,+0.972
1629983700,+3.51,+16.030, +7.766,+0.971
1629984300,+3.51,+16.047, +7.821,+0.972
1629984900,+3.51,+16.047, +7.866,+0.972
1629985500,+3.51,+16.073, +7.898,+0.972
1629986100,+3.51,+16.073, +7.934,+0.972
1629986700,+3.51,+16.064, +7.975,+0.972
1629987300,+3.51,+16.064, +7.988,+0.972
1629987900,+3.51,+16.064, +8.015,+0.972
1629988500,+3.51,+16.099, +8.030,+0.972
1629989100,+3.51,+16.082, +8.063,+0.972
1629989700,+3.51,+16.056, +8.073,+0.972
1629990300,+3.51,+16.073, +8.078,+0.972
1629990900,+3.51,+16.090, +8.092,+0.972
1629991500,+3.51,+16.099, +8.114,+0.973
1629992100,+3.51,+16.073, +8.117,+0.972
1629992700,+3.51,+16.064, +8.118,+0.972
1629993300,+3.51,+16.064, +8.133,+0.972
1629993900,+3.51,+16.099, +8.131,+0.972
1629994500,+3.51,+16.090, +8.140,+0.972
1629995100,+3.51,+16.073, +8.140,+0.972
1629995700,+3.51,+16.090, +8.148,+0.972
1629996300,+3.51,+16.064, +8.160,+0.972
1629996900,+3.51,+16.073, +8.159,+0.972
1629997500,+3.51,+16.073, +8.150,+0.972
1629998100,+3.51,+16.073, +8.152,+0.971
1629998700,+3.51,+16.073, +8.161,+0.972
1629999300,+3.51,+16.064, +8.159,+0.971
1629999900,+3.51,+16.090, +8.165,+0.972
1630000500,+3.51,+16.073, +8.164,+0.971
1630001100,+3.51,+16.064, +8.170,+0.972
1630001700,+3.51,+16.073, +8.163,+0.972
1630002300,+3.51,+16.073, +8.170,+0.972
1630002900,+3.51,+16.064, +8.180,+0.971
1630003500,+3.51,+16.082, +8.136,+0.971
1630004100,+3.51,+16.073, +8.168,+0.972
1630004700,+3.51,+16.073, +8.179,+0.972
1630005300,+3.51,+16.082, +8.174,+0.971
1630005900,+3.51,+16.082, +8.183,+0.972
1630006500,+3.51,+16.073, +8.172,+0.972
1630007100,+3.51,+16.082, +8.173,+0.972
1630007700,+3.51,+16.064, +8.178,+0.971
1630008300,+3.51,+16.082, +8.185,+0.972
