7450-432269
OS REV: 1.05 Sensor Cal: 1617731107
Time (sec),  BV (Volts),  T (deg C),  DO (mg/l),  Q ()
1620330900,+3.53,+22.848, +7.048,+0.981
1620331500,+3.53,+22.864, +7.043,+0.981
1620332100,+3.53,+22.848, +7.039,+0.981
1620332700,+3.53,+22.856, +7.037,+0.981
1620333300,+3.53,+22.856, +7.035,+0.981
1620333900,+3.53,+22.856, +7.047,+0.981
1620334500,+3.53,+22.856, +7.039,+0.981
1620335100,+3.53,+22.864, +7.034,+0.981
1620335700,+3.53,+22.864, +7.034,+0.981
1620336300,+3.53,+22.839, +7.039,+0.981
1620336900,+3.53,+22.848, +7.046,+0.981
1620337500,+3.54,+22.864, +7.038,+0.981
1620338100,+3.53,+22.856, +7.040,+0.981
1620338700,+3.53,+22.873, +7.039,+0.981
1620339300,+3.53,+22.873, +7.039,+0.981
1620339900,+3.53,+22.898, +7.022,+0.981
1620340500,+3.53,+22.890, +7.045,+0.982
1620341100,+3.53,+22.890, +7.027,+0.981
1620341700,+3.53,+22.898, +7.036,+0.982
1620342300,+3.53,+22.915, +7.020,+0.981
1620342900,+3.53,+22.906, +7.023,+0.981
1620343500,+3.53,+22.931, +7.015,+0.981
1620344100,+3.53,+22.923, +7.019,+0.981
1620344700,+3.53,+22.948, +7.011,+0.981
1620345300,+3.53,+22.956, +7.007,+0.981
1620345900,+3.53,+22.965, +7.010,+0.981
1620346500,+3.53,+22.982, +7.008,+0.980
1620347100,+3.53,+22.998, +7.000,+0.981
1620347700,+3.53,+23.007, +7.007,+0.981
1620348300,+3.53,+23.015, +7.009,+0.981
1620348900,+3.53,+23.032, +6.995,+0.981
1620349500,+3.53,+23.057, +6.992,+0.981
1620350100,+3.53,+23.057, +6.995,+0.981
1620350700,+3.53,+23.049, +6.997,+0.981
1620351300,+3.53,+23.065, +7.004,+0.981
1620351900,+3.53,+23.082, +6.978,+0.980
1620352500,+3.53,+23.090, +6.988,+0.981
1620353100,+3.53,+23.115, +6.983,+0.981
1620353700,+3.53,+23.124, +6.980,+0.981
1620354300,+3.53,+23.141, +6.981,+0.981
1620354900,+3.53,+23.149, +6.985,+0.981
1620355500,+3.53,+23.132, +6.990,+0.981
1620356100,+3.53,+23.157, +6.978,+0.981
1620356700,+3.53,+23.157, +6.986,+0.981
1620357300,+3.53,+23.166, +6.969,+0.980
1620357900,+3.53,+23.191, +6.971,+0.981
1620358500,+3.53,+23.191, +6.979,+0.981
1620359100,+3.53,+23.191, +6.986,+0.981
1620359700,+3.53,+23.208, +6.970,+0.981
1620360300,+3.53,+23.216, +6.972,+0.981
1620360900,+3.53,+23.224, +6.982,+0.981
1620361500,+3.53,+23.241, +6.968,+0.981
1620362100,+3.54,+23.216, +6.969,+0.981
1620362700,+3.54,+23.224, +6.968,+0.981
1620363300,+3.54,+23.241, +6.966,+0.981
1620363900,+3.54,+23.233, +6.967,+0.981
1620364500,+3.54,+23.233, +6.966,+0.981
1620365100,+3.54,+23.249, +6.957,+0.980
1620365700,+3.54,+23.258, +6.962,+0.981
1620366300,+3.54,+23.258, +6.962,+0.981
1620366900,+3.54,+23.266, +6.958,+0.981
1620367500,+3.54,+23.266, +6.953,+0.981
1620368100,+3.54,+23.258, +6.961,+0.981
1620368700,+3.54,+23.258, +6.962,+0.981
1620369300,+3.54,+23.283, +6.945,+0.981
1620369900,+3.54,+23.283, +6.947,+0.981
1620370500,+3.54,+23.291, +6.943,+0.981
1620371100,+3.54,+23.300, +6.937,+0.980
1620371700,+3.54,+23.291, +6.938,+0.981
1620372300,+3.54,+23.300, +6.941,+0.981
1620372900,+3.54,+23.291, +6.940,+0.981
1620373500,+3.54,+23.291, +6.949,+0.981
1620374100,+3.54,+23.283, +6.938,+0.981
1620374700,+3.54,+23.291, +6.944,+0.981
1620375300,+3.54,+23.283, +6.937,+0.981
1620375900,+3.54,+23.291, +6.936,+0.981
1620376500,+3.54,+23.308, +6.926,+0.981
1620377100,+3.54,+23.308, +6.931,+0.981
1620377700,+3.54,+23.291, +6.923,+0.981
1620378300,+3.54,+23.300, +6.927,+0.981
1620378900,+3.54,+23.291, +6.931,+0.981
1620379500,+3.54,+23.291, +6.921,+0.981
1620380100,+3.54,+23.291, +6.916,+0.981
1620380700,+3.54,+23.291, +6.922,+0.981
1620381300,+3.54,+23.283, +6.917,+0.980
1620381900,+3.54,+23.308, +6.918,+0.981
1620382500,+3.54,+23.283, +6.925,+0.981
1620383100,+3.54,+23.266, +6.929,+0.981
1620383700,+3.54,+23.291, +6.923,+0.981
1620384300,+3.54,+23.291, +6.922,+0.981
1620384900,+3.54,+23.275, +6.934,+0.981
1620385500,+3.54,+23.283, +6.939,+0.981
1620386100,+3.54,+23.291, +6.929,+0.981
1620386700,+3.54,+23.275, +6.934,+0.981
1620387300,+3.54,+23.275, +6.939,+0.981
1620387900,+3.54,+23.283, +6.914,+0.980
1620388500,+3.54,+23.266, +6.909,+0.980
1620389100,+3.54,+23.258, +6.914,+0.981
1620389700,+3.54,+23.258, +6.914,+0.980
1620390300,+3.54,+23.258, +6.911,+0.981
1620390900,+3.54,+23.266, +6.901,+0.981
1620391500,+3.54,+23.241, +6.926,+0.981
1620392100,+3.54,+23.233, +6.926,+0.981
1620392700,+3.54,+23.233, +6.927,+0.981
1620393300,+3.54,+23.233, +6.912,+0.981
1620393900,+3.54,+23.249, +6.926,+0.981
1620394500,+3.54,+23.208, +6.936,+0.981
1620395100,+3.54,+23.233, +6.919,+0.981
1620395700,+3.54,+23.224, +6.923,+0.981
1620396300,+3.53,+23.208, +6.924,+0.981
1620396900,+3.53,+23.216, +6.930,+0.981
1620397500,+3.53,+23.224, +6.924,+0.981
1620398100,+3.53,+23.224, +6.924,+0.981
1620398700,+3.53,+23.208, +6.930,+0.981
1620399300,+3.53,+23.208, +6.927,+0.981
1620399900,+3.53,+23.216, +6.917,+0.981
1620400500,+3.53,+23.208, +6.918,+0.981
1620401100,+3.53,+23.216, +6.920,+0.981
1620401700,+3.53,+23.208, +6.926,+0.981
1620402300,+3.54,+23.208, +6.924,+0.981
1620402900,+3.53,+23.199, +6.936,+0.981
1620403500,+3.53,+23.174, +6.941,+0.981
1620404100,+3.53,+23.199, +6.937,+0.981
1620404700,+3.53,+23.182, +6.922,+0.981
1620405300,+3.53,+23.191, +6.933,+0.981
1620405900,+3.53,+23.182, +6.937,+0.981
1620406500,+3.53,+23.191, +6.938,+0.981
1620407100,+3.53,+23.191, +6.933,+0.981
1620407700,+3.53,+23.199, +6.929,+0.981
1620408300,+3.53,+23.191, +6.921,+0.981
1620408900,+3.53,+23.166, +6.929,+0.981
1620409500,+3.53,+23.174, +6.928,+0.981
1620410100,+3.53,+23.182, +6.928,+0.981
1620410700,+3.53,+23.199, +6.921,+0.980
1620411300,+3.53,+23.191, +6.925,+0.981
1620411900,+3.53,+23.174, +6.938,+0.981
1620412500,+3.53,+23.182, +6.925,+0.981
1620413100,+3.53,+23.174, +6.941,+0.981
1620413700,+3.53,+23.182, +6.931,+0.981
1620414300,+3.53,+23.191, +6.924,+0.981
1620414900,+3.53,+23.174, +6.923,+0.981
1620415500,+3.53,+23.182, +6.931,+0.981
1620416100,+3.53,+23.182, +6.934,+0.981
1620416700,+3.53,+23.174, +6.932,+0.981
1620417300,+3.53,+23.199, +6.913,+0.980
