7450-432269
OS REV: 1.05 Sensor Cal: 1617731107
Time (sec),  BV (Volts),  T (deg C),  DO (mg/l),  Q ()
1620504900,+3.54,+22.881, +7.021,+0.981
1620505500,+3.54,+22.873, +7.009,+0.981
1620506100,+3.54,+22.856, +7.015,+0.981
1620506700,+3.54,+22.848, +7.018,+0.981
1620507300,+3.54,+22.848, +7.011,+0.981
1620507900,+3.54,+22.839, +7.019,+0.981
1620508500,+3.54,+22.848, +7.020,+0.981
1620509100,+3.54,+22.839, +7.026,+0.981
1620509700,+3.54,+22.823, +7.025,+0.981
1620510300,+3.54,+22.831, +7.030,+0.981
1620510900,+3.54,+22.823, +7.024,+0.981
1620511500,+3.54,+22.814, +7.020,+0.980
1620512100,+3.54,+22.823, +7.017,+0.980
1620512700,+3.54,+22.814, +7.023,+0.981
1620513300,+3.54,+22.814, +7.021,+0.981
1620513900,+3.54,+22.806, +7.022,+0.981
1620514500,+3.54,+22.814, +7.029,+0.981
1620515100,+3.54,+22.806, +7.031,+0.981
1620515700,+3.54,+22.798, +7.032,+0.981
1620516300,+3.54,+22.798, +7.028,+0.981
1620516900,+3.54,+22.781, +7.035,+0.981
1620517500,+3.54,+22.798, +7.016,+0.980
1620518100,+3.54,+22.789, +7.024,+0.981
1620518700,+3.54,+22.781, +7.032,+0.981
1620519300,+3.54,+22.781, +7.041,+0.981
1620519900,+3.54,+22.772, +7.037,+0.981
1620520500,+3.54,+22.764, +7.048,+0.981
1620521100,+3.54,+22.781, +7.046,+0.981
1620521700,+3.54,+22.772, +7.036,+0.981
1620522300,+3.54,+22.764, +7.041,+0.981
1620522900,+3.54,+22.764, +7.026,+0.981
1620523500,+3.54,+22.756, +7.023,+0.981
1620524100,+3.54,+22.731, +7.037,+0.981
1620524700,+3.54,+22.747, +7.042,+0.981
1620525300,+3.54,+22.739, +7.047,+0.981
1620525900,+3.54,+22.739, +7.039,+0.981
1620526500,+3.54,+22.739, +7.050,+0.981
1620527100,+3.54,+22.731, +7.054,+0.981
1620527700,+3.54,+22.714, +7.053,+0.981
1620528300,+3.54,+22.714, +7.051,+0.981
1620528900,+3.54,+22.714, +7.051,+0.981
1620529500,+3.54,+22.714, +7.058,+0.981
1620530100,+3.54,+22.706, +7.053,+0.981
1620530700,+3.54,+22.697, +7.048,+0.981
1620531300,+3.54,+22.706, +7.050,+0.981
1620531900,+3.54,+22.697, +7.052,+0.981
1620532500,+3.54,+22.706, +7.060,+0.981
1620533100,+3.54,+22.697, +7.049,+0.981
1620533700,+3.54,+22.706, +7.047,+0.981
1620534300,+3.54,+22.680, +7.053,+0.981
1620534900,+3.54,+22.680, +7.067,+0.981
1620535500,+3.54,+22.697, +7.053,+0.981
1620536100,+3.54,+22.672, +7.065,+0.981
1620536700,+3.54,+22.680, +7.049,+0.980
1620537300,+3.54,+22.647, +7.067,+0.981
1620537900,+3.54,+22.664, +7.047,+0.981
1620538500,+3.54,+22.655, +7.047,+0.980
1620539100,+3.54,+22.647, +7.064,+0.981
1620539700,+3.54,+22.622, +7.058,+0.980
1620540300,+3.54,+22.630, +7.064,+0.981
1620540900,+3.54,+22.630, +7.055,+0.980
1620541500,+3.54,+22.639, +7.052,+0.981
1620542100,+3.54,+22.622, +7.061,+0.981
1620542700,+3.54,+22.630, +7.057,+0.981
1620543300,+3.54,+22.614, +7.065,+0.981
1620543900,+3.54,+22.605, +7.061,+0.981
1620544500,+3.54,+22.614, +7.054,+0.981
1620545100,+3.54,+22.588, +7.063,+0.980
1620545700,+3.54,+22.597, +7.062,+0.981
1620546300,+3.54,+22.580, +7.060,+0.981
1620546900,+3.54,+22.588, +7.069,+0.982
1620547500,+3.54,+22.563, +7.049,+0.981
1620548100,+3.54,+22.572, +7.057,+0.981
1620548700,+3.54,+22.572, +7.051,+0.981
1620549300,+3.54,+22.572, +7.066,+0.981
1620549900,+3.54,+22.555, +7.065,+0.981
1620550500,+3.54,+22.547, +7.068,+0.981
1620551100,+3.54,+22.547, +7.068,+0.981
1620551700,+3.54,+22.530, +7.083,+0.981
1620552300,+3.54,+22.522, +7.072,+0.981
1620552900,+3.54,+22.538, +7.064,+0.981
1620553500,+3.54,+22.530, +7.079,+0.981
1620554100,+3.54,+22.496, +7.080,+0.981
1620554700,+3.54,+22.513, +7.073,+0.981
1620555300,+3.54,+22.496, +7.076,+0.981
1620555900,+3.54,+22.488, +7.071,+0.981
1620556500,+3.54,+22.496, +7.076,+0.981
1620557100,+3.54,+22.480, +7.063,+0.981
1620557700,+3.54,+22.480, +7.076,+0.981
1620558300,+3.54,+22.480, +7.075,+0.981
1620558900,+3.54,+22.463, +7.073,+0.981
1620559500,+3.54,+22.455, +7.070,+0.981
1620560100,+3.54,+22.446, +7.085,+0.981
1620560700,+3.54,+22.463, +7.084,+0.981
1620561300,+3.54,+22.463, +7.067,+0.981
1620561900,+3.54,+22.446, +7.072,+0.981
1620562500,+3.54,+22.438, +7.086,+0.981
1620563100,+3.54,+22.438, +7.082,+0.981
1620563700,+3.54,+22.413, +7.081,+0.981
1620564300,+3.54,+22.413, +7.074,+0.981
1620564900,+3.54,+22.404, +7.068,+0.981
1620565500,+3.54,+22.379, +7.088,+0.981
1620566100,+3.54,+22.388, +7.089,+0.981
1620566700,+3.54,+22.396, +7.080,+0.981
1620567300,+3.54,+22.363, +7.085,+0.981
1620567900,+3.54,+22.379, +7.076,+0.980
1620568500,+3.54,+22.363, +7.089,+0.981
1620569100,+3.54,+22.371, +7.075,+0.981
1620569700,+3.54,+22.363, +7.087,+0.981
1620570300,+3.54,+22.354, +7.072,+0.980
1620570900,+3.54,+22.371, +7.068,+0.981
1620571500,+3.54,+22.346, +7.082,+0.981
1620572100,+3.54,+22.338, +7.077,+0.980
1620572700,+3.54,+22.338, +7.079,+0.981
1620573300,+3.54,+22.346, +7.077,+0.981
1620573900,+3.54,+22.329, +7.086,+0.981
1620574500,+3.54,+22.312, +7.081,+0.981
1620575100,+3.54,+22.321, +7.089,+0.981
1620575700,+3.54,+22.304, +7.082,+0.981
1620576300,+3.54,+22.304, +7.095,+0.981
1620576900,+3.54,+22.321, +7.088,+0.981
1620577500,+3.54,+22.296, +7.097,+0.981
1620578100,+3.54,+22.304, +7.084,+0.981
1620578700,+3.54,+22.304, +7.089,+0.981
1620579300,+3.54,+22.304, +7.091,+0.981
1620579900,+3.54,+22.296, +7.087,+0.981
1620580500,+3.54,+22.296, +7.093,+0.981
1620581100,+3.54,+22.279, +7.098,+0.981
1620581700,+3.54,+22.279, +7.093,+0.980
1620582300,+3.54,+22.271, +7.100,+0.981
1620582900,+3.54,+22.279, +7.107,+0.981
1620583500,+3.54,+22.254, +7.110,+0.981
1620584100,+3.54,+22.246, +7.105,+0.980
1620584700,+3.54,+22.262, +7.116,+0.981
1620585300,+3.54,+22.254, +7.119,+0.981
1620585900,+3.54,+22.246, +7.114,+0.981
1620586500,+3.54,+22.237, +7.110,+0.980
1620587100,+3.54,+22.246, +7.116,+0.981
1620587700,+3.54,+22.212, +7.116,+0.980
1620588300,+3.54,+22.220, +7.112,+0.981
1620588900,+3.54,+22.212, +7.126,+0.981
1620589500,+3.54,+22.212, +7.114,+0.981
1620590100,+3.54,+22.195, +7.137,+0.981
1620590700,+3.54,+22.220, +7.101,+0.980
1620591300,+3.54,+22.195, +7.122,+0.981
