7450-432269
OS REV: 1.05 Sensor Cal: 1617731107
Time (sec),  BV (Volts),  T (deg C),  DO (mg/l),  Q ()
1620678900,+3.54,+22.312, +7.113,+0.980
1620679500,+3.54,+22.296, +7.126,+0.981
1620680100,+3.54,+22.304, +7.124,+0.981
1620680700,+3.54,+22.312, +7.137,+0.981
1620681300,+3.54,+22.304, +7.119,+0.980
1620681900,+3.54,+22.312, +7.123,+0.981
1620682500,+3.54,+22.321, +7.128,+0.981
1620683100,+3.54,+22.329, +7.121,+0.981
1620683700,+3.54,+22.321, +7.124,+0.980
1620684300,+3.54,+22.321, +7.132,+0.981
1620684900,+3.54,+22.346, +7.119,+0.981
1620685500,+3.54,+22.354, +7.118,+0.981
1620686100,+3.54,+22.363, +7.112,+0.981
1620686700,+3.54,+22.371, +7.115,+0.981
1620687300,+3.54,+22.371, +7.129,+0.981
1620687900,+3.54,+22.388, +7.120,+0.981
1620688500,+3.54,+22.404, +7.113,+0.981
1620689100,+3.54,+22.413, +7.100,+0.980
1620689700,+3.54,+22.413, +7.102,+0.980
1620690300,+3.54,+22.404, +7.114,+0.980
1620690900,+3.54,+22.421, +7.108,+0.981
1620691500,+3.54,+22.430, +7.111,+0.980
1620692100,+3.54,+22.471, +7.108,+0.981
1620692700,+3.54,+22.446, +7.109,+0.980
1620693300,+3.54,+22.471, +7.104,+0.981
1620693900,+3.54,+22.505, +7.107,+0.981
1620694500,+3.54,+22.513, +7.103,+0.980
1620695100,+3.54,+22.530, +7.103,+0.981
1620695700,+3.54,+22.547, +7.104,+0.981
1620696300,+3.54,+22.572, +7.095,+0.980
1620696900,+3.54,+22.555, +7.109,+0.981
1620697500,+3.54,+22.580, +7.091,+0.981
1620698100,+3.54,+22.580, +7.098,+0.981
1620698700,+3.54,+22.605, +7.088,+0.981
1620699300,+3.54,+22.614, +7.089,+0.981
1620699900,+3.54,+22.622, +7.078,+0.981
1620700500,+3.54,+22.622, +7.093,+0.981
1620701100,+3.54,+22.639, +7.092,+0.981
1620701700,+3.53,+22.664, +7.078,+0.981
1620702300,+3.54,+22.647, +7.083,+0.980
1620702900,+3.54,+22.672, +7.076,+0.981
1620703500,+3.53,+22.680, +7.083,+0.980
1620704100,+3.53,+22.689, +7.073,+0.980
1620704700,+3.53,+22.672, +7.092,+0.981
1620705300,+3.53,+22.697, +7.084,+0.981
1620705900,+3.53,+22.697, +7.087,+0.981
1620706500,+3.54,+22.706, +7.079,+0.981
1620707100,+3.53,+22.722, +7.086,+0.981
1620707700,+3.53,+22.697, +7.089,+0.981
1620708300,+3.53,+22.722, +7.088,+0.981
1620708900,+3.53,+22.722, +7.077,+0.981
1620709500,+3.53,+22.722, +7.077,+0.981
1620710100,+3.53,+22.731, +7.078,+0.981
1620710700,+3.53,+22.731, +7.080,+0.981
1620711300,+3.53,+22.747, +7.066,+0.980
1620711900,+3.53,+22.731, +7.078,+0.981
1620712500,+3.53,+22.747, +7.073,+0.980
1620713100,+3.53,+22.739, +7.078,+0.981
1620713700,+3.53,+22.756, +7.065,+0.980
1620714300,+3.53,+22.756, +7.072,+0.981
1620714900,+3.53,+22.772, +7.065,+0.981
1620715500,+3.53,+22.764, +7.073,+0.981
1620716100,+3.54,+22.772, +7.071,+0.981
1620716700,+3.53,+22.756, +7.074,+0.981
1620717300,+3.53,+22.781, +7.066,+0.981
1620717900,+3.53,+22.772, +7.066,+0.980
1620718500,+3.53,+22.781, +7.080,+0.981
1620719100,+3.53,+22.772, +7.070,+0.981
1620719700,+3.53,+22.789, +7.067,+0.981
1620720300,+3.53,+22.772, +7.069,+0.981
1620720900,+3.53,+22.781, +7.057,+0.980
1620721500,+3.53,+22.781, +7.059,+0.980
1620722100,+3.53,+22.772, +7.073,+0.981
1620722700,+3.53,+22.764, +7.077,+0.981
1620723300,+3.54,+22.772, +7.054,+0.980
1620723900,+3.53,+22.772, +7.069,+0.981
1620724500,+3.53,+22.772, +7.055,+0.981
1620725100,+3.53,+22.789, +7.054,+0.981
1620725700,+3.53,+22.781, +7.049,+0.981
1620726300,+3.53,+22.772, +7.048,+0.981
1620726900,+3.53,+22.772, +7.047,+0.981
1620727500,+3.53,+22.772, +7.039,+0.980
1620728100,+3.53,+22.789, +7.053,+0.980
1620728700,+3.53,+22.764, +7.052,+0.981
1620729300,+3.53,+22.772, +7.058,+0.981
1620729900,+3.54,+22.764, +7.067,+0.981
1620730500,+3.53,+22.781, +7.057,+0.981
1620731100,+3.54,+22.756, +7.063,+0.981
1620731700,+3.54,+22.764, +7.053,+0.981
1620732300,+3.54,+22.747, +7.048,+0.980
1620732900,+3.53,+22.772, +7.035,+0.981
1620733500,+3.54,+22.781, +7.031,+0.980
1620734100,+3.53,+22.772, +7.044,+0.980
1620734700,+3.53,+22.756, +7.050,+0.981
1620735300,+3.54,+22.764, +7.052,+0.980
1620735900,+3.54,+22.739, +7.059,+0.981
1620736500,+3.54,+22.747, +7.047,+0.980
1620737100,+3.54,+22.747, +7.059,+0.981
1620737700,+3.54,+22.739, +7.054,+0.981
1620738300,+3.54,+22.756, +7.052,+0.981
1620738900,+3.54,+22.756, +7.052,+0.980
1620739500,+3.54,+22.731, +7.064,+0.981
1620740100,+3.54,+22.747, +7.063,+0.981
1620740700,+3.54,+22.756, +7.039,+0.981
1620741300,+3.54,+22.739, +7.051,+0.981
1620741900,+3.54,+22.714, +7.054,+0.981
1620742500,+3.54,+22.731, +7.058,+0.981
1620743100,+3.54,+22.739, +7.058,+0.981
1620743700,+3.54,+22.739, +7.056,+0.981
1620744300,+3.54,+22.722, +7.053,+0.981
1620744900,+3.54,+22.714, +7.048,+0.981
1620745500,+3.54,+22.739, +7.050,+0.981
1620746100,+3.54,+22.731, +7.057,+0.981
1620746700,+3.54,+22.714, +7.051,+0.981
1620747300,+3.54,+22.722, +7.050,+0.980
1620747900,+3.54,+22.697, +7.068,+0.981
1620748500,+3.54,+22.697, +7.073,+0.981
1620749100,+3.54,+22.739, +7.044,+0.981
1620749700,+3.54,+22.714, +7.068,+0.981
1620750300,+3.54,+22.731, +7.065,+0.981
1620750900,+3.54,+22.722, +7.066,+0.981
1620751500,+3.54,+22.697, +7.079,+0.980
1620752100,+3.54,+22.714, +7.065,+0.980
1620752700,+3.54,+22.714, +7.067,+0.981
1620753300,+3.54,+22.697, +7.076,+0.981
1620753900,+3.54,+22.714, +7.064,+0.980
1620754500,+3.54,+22.714, +7.082,+0.981
1620755100,+3.54,+22.706, +7.079,+0.981
1620755700,+3.54,+22.697, +7.067,+0.980
1620756300,+3.54,+22.714, +7.072,+0.981
1620756900,+3.54,+22.706, +7.064,+0.980
1620757500,+3.54,+22.722, +7.074,+0.981
1620758100,+3.54,+22.706, +7.013,+0.981
1620758700,+3.54,+22.697, +6.933,+0.981
1620759300,+3.54,+22.706, +6.899,+0.981
1620759900,+3.54,+22.714, +6.863,+0.981
1620760500,+3.54,+22.722, +6.824,+0.980
1620761100,+3.54,+22.706, +6.810,+0.981
1620761700,+3.54,+22.706, +6.788,+0.981
1620762300,+3.54,+22.689, +6.760,+0.980
1620762900,+3.54,+22.706, +6.742,+0.981
1620763500,+3.54,+22.346, +7.154,+0.980
1620764100,+3.54,+21.527, +7.318,+0.980
