7450-432269
OS REV: 1.05 Sensor Cal: 1617731107
Time (sec),  BV (Volts),  T (deg C),  DO (mg/l),  Q ()
1625619360,+3.55,+24.498, +6.915,+0.980
1625619960,+3.55,+24.372, +6.919,+0.979
1625620560,+3.55,+22.739, +5.096,+0.976
1625621160,+3.55,+19.569, +4.864,+0.978
1625621760,+3.55,+18.914, +4.481,+0.979
1625622360,+3.55,+18.485, +4.121,+0.980
1625622960,+3.55,+18.174, +3.793,+0.981
1625623560,+3.55,+17.921, +3.489,+0.981
1625624160,+3.55,+17.685, +3.220,+0.981
1625624760,+3.55,+17.558, +2.976,+0.981
1625625360,+3.55,+17.423, +2.752,+0.981
1625625960,+3.55,+17.288, +2.544,+0.981
1625626560,+3.55,+17.203, +2.368,+0.981
1625627160,+3.55,+17.110, +2.204,+0.981
1625627760,+3.55,+17.025, +2.061,+0.980
1625628360,+3.55,+16.983, +1.928,+0.980
1625628960,+3.55,+16.915, +1.816,+0.980
1625629560,+3.55,+16.881, +1.714,+0.980
1625630160,+3.55,+16.839, +1.627,+0.979
1625630760,+3.55,+16.822, +1.550,+0.979
1625631360,+3.55,+16.796, +1.478,+0.979
1625631960,+3.55,+16.762, +1.427,+0.978
1625632560,+3.55,+16.745, +1.368,+0.978
1625633160,+3.55,+16.711, +1.328,+0.978
1625633760,+3.55,+16.711, +1.289,+0.977
1625634360,+3.55,+16.694, +1.252,+0.977
1625634960,+3.55,+16.703, +1.227,+0.977
1625635560,+3.55,+16.669, +1.200,+0.977
1625636160,+3.55,+16.686, +1.177,+0.976
1625636760,+3.55,+16.660, +1.161,+0.976
1625637360,+3.55,+16.652, +1.148,+0.976
1625637960,+3.55,+16.635, +1.133,+0.976
1625638560,+3.54,+16.643, +1.124,+0.976
1625639160,+3.54,+16.643, +1.114,+0.976
1625639760,+3.54,+16.643, +1.104,+0.976
1625640360,+3.54,+16.618, +1.099,+0.976
1625640960,+3.54,+16.643, +1.090,+0.975
1625641560,+3.54,+16.618, +1.085,+0.975
1625642160,+3.54,+16.660, +1.080,+0.975
1625642760,+3.54,+16.635, +1.077,+0.975
1625643360,+3.54,+16.635, +1.073,+0.975
1625643960,+3.54,+16.626, +1.073,+0.975
1625644560,+3.54,+16.652, +1.070,+0.975
1625645160,+3.54,+16.635, +1.072,+0.975
1625645760,+3.54,+16.643, +1.072,+0.975
1625646360,+3.54,+16.635, +1.072,+0.975
1625646960,+3.54,+16.635, +1.072,+0.975
1625647560,+3.54,+16.652, +1.073,+0.975
1625648160,+3.54,+16.652, +1.074,+0.975
1625648760,+3.54,+16.660, +1.073,+0.975
1625649360,+3.54,+16.652, +1.074,+0.975
1625649960,+3.54,+16.643, +1.075,+0.975
1625650560,+3.54,+16.652, +1.076,+0.975
1625651160,+3.54,+16.652, +1.079,+0.975
1625651760,+3.54,+16.660, +1.081,+0.975
1625652360,+3.54,+16.660, +1.081,+0.975
1625652960,+3.54,+16.652, +1.087,+0.975
1625653560,+3.54,+16.652, +1.089,+0.975
1625654160,+3.54,+16.660, +1.090,+0.975
1625654760,+3.54,+16.652, +1.094,+0.975
1625655360,+3.54,+16.652, +1.096,+0.975
1625655960,+3.54,+16.677, +1.098,+0.975
1625656560,+3.54,+16.652, +1.102,+0.975
1625657160,+3.54,+16.660, +1.108,+0.975
1625657760,+3.54,+16.643, +1.109,+0.975
1625658360,+3.54,+16.669, +1.111,+0.975
1625658960,+3.54,+16.652, +1.115,+0.976
1625659560,+3.54,+16.660, +1.118,+0.976
1625660160,+3.54,+16.652, +1.120,+0.975
1625660760,+3.54,+16.677, +1.126,+0.976
1625661360,+3.54,+16.652, +1.129,+0.976
1625661960,+3.54,+16.643, +1.132,+0.976
1625662560,+3.54,+16.618, +1.145,+0.976
1625663160,+3.54,+16.618, +1.170,+0.976
1625663760,+3.53,+16.618, +1.193,+0.976
1625664360,+3.53,+16.635, +1.208,+0.976
1625664960,+3.53,+16.635, +1.229,+0.977
1625665560,+3.53,+16.626, +1.244,+0.977
1625666160,+3.53,+16.643, +1.260,+0.977
1625666760,+3.53,+16.626, +1.276,+0.977
1625667360,+3.53,+16.643, +1.288,+0.977
1625667960,+3.53,+16.635, +1.302,+0.977
1625668560,+3.53,+16.626, +1.316,+0.977
1625669160,+3.53,+16.626, +1.336,+0.977
1625669760,+3.53,+16.618, +1.345,+0.977
1625670360,+3.53,+16.626, +1.357,+0.977
1625670960,+3.53,+16.618, +1.372,+0.977
1625671560,+3.53,+16.618, +1.381,+0.977
1625672160,+3.53,+16.626, +1.391,+0.978
1625672760,+3.53,+16.609, +1.401,+0.978
1625673360,+3.53,+16.609, +1.411,+0.978
1625673960,+3.53,+16.592, +1.419,+0.978
1625674560,+3.53,+16.609, +1.425,+0.978
1625675160,+3.53,+16.609, +1.439,+0.978
1625675760,+3.53,+16.601, +1.450,+0.978
1625676360,+3.53,+16.618, +1.458,+0.978
1625676960,+3.53,+16.609, +1.478,+0.978
1625677560,+3.53,+16.592, +1.494,+0.978
1625678160,+3.53,+16.643, +1.509,+0.978
1625678760,+3.53,+16.635, +1.522,+0.978
1625679360,+3.53,+16.626, +1.538,+0.978
1625679960,+3.53,+16.592, +1.554,+0.979
1625680560,+3.53,+16.618, +1.564,+0.979
1625681160,+3.53,+16.635, +1.577,+0.979
1625681760,+3.53,+16.635, +1.584,+0.979
1625682360,+3.53,+16.635, +1.600,+0.979
1625682960,+3.53,+16.618, +1.612,+0.979
1625683560,+3.53,+16.643, +1.620,+0.979
1625684160,+3.53,+16.643, +1.628,+0.979
1625684760,+3.53,+16.643, +1.636,+0.979
1625685360,+3.53,+16.652, +1.647,+0.979
1625685960,+3.53,+16.660, +1.652,+0.979
1625686560,+3.53,+16.643, +1.662,+0.979
1625687160,+3.53,+16.643, +1.666,+0.979
1625687760,+3.53,+16.643, +1.676,+0.979
1625688360,+3.53,+16.847, +1.681,+0.979
1625688960,+3.53,+17.017, +1.680,+0.979
1625689560,+3.53,+17.152, +1.708,+0.979
1625690160,+3.53,+17.296, +1.857,+0.980
1625690760,+3.53,+17.448, +1.926,+0.980
1625691360,+3.53,+17.415, +2.015,+0.980
1625691960,+3.53,+17.381, +2.091,+0.979
1625692560,+3.53,+17.271, +2.146,+0.979
1625693160,+3.53,+17.135, +2.196,+0.980
1625693760,+3.53,+17.067, +2.234,+0.980
1625694360,+3.53,+16.983, +2.275,+0.980
1625694960,+3.53,+16.940, +2.307,+0.980
1625695560,+3.53,+16.889, +2.340,+0.980
1625696160,+3.53,+16.847, +2.366,+0.980
1625696760,+3.53,+16.822, +2.380,+0.980
1625697360,+3.53,+16.779, +2.402,+0.980
1625697960,+3.53,+16.762, +2.419,+0.980
1625698560,+3.53,+16.728, +2.429,+0.980
1625699160,+3.53,+16.711, +2.446,+0.980
1625699760,+3.53,+16.686, +2.455,+0.980
1625700360,+3.53,+16.677, +2.465,+0.980
1625700960,+3.53,+16.669, +2.477,+0.980
1625701560,+3.53,+16.652, +2.486,+0.980
1625702160,+3.53,+16.660, +2.495,+0.980
1625702760,+3.53,+16.635, +2.502,+0.980
1625703360,+3.53,+16.635, +2.511,+0.980
1625703960,+3.53,+16.626, +2.518,+0.980
1625704560,+3.53,+16.626, +2.526,+0.980
1625705160,+3.53,+16.626, +2.524,+0.980
1625705760,+3.53,+16.601, +2.517,+0.980
