7450-467606
OS REV: 1.05 Sensor Cal: 1617727001
Time (sec),  BV (Volts),  T (deg C),  DO (mg/l),  Q ()
1620504780,+3.53,+22.876, +7.011,+0.988
1620505380,+3.53,+22.859, +7.003,+0.987
1620505980,+3.53,+22.859, +7.006,+0.988
1620506580,+3.53,+22.867, +7.007,+0.988
1620507180,+3.53,+22.859, +7.012,+0.988
1620507780,+3.53,+22.859, +7.006,+0.988
1620508380,+3.53,+22.850, +7.020,+0.989
1620508980,+3.53,+22.809, +7.021,+0.988
1620509580,+3.53,+22.859, +7.018,+0.989
1620510180,+3.53,+22.834, +7.017,+0.988
1620510780,+3.53,+22.809, +7.018,+0.988
1620511380,+3.53,+22.834, +7.015,+0.988
1620511980,+3.53,+22.825, +7.019,+0.988
1620512580,+3.53,+22.809, +7.028,+0.989
1620513180,+3.53,+22.817, +7.021,+0.988
1620513780,+3.53,+22.800, +7.027,+0.988
1620514380,+3.53,+22.817, +7.016,+0.988
1620514980,+3.53,+22.809, +7.016,+0.988
1620515580,+3.53,+22.809, +7.021,+0.988
1620516180,+3.53,+22.784, +7.032,+0.989
1620516780,+3.53,+22.784, +7.033,+0.989
1620517380,+3.53,+22.792, +7.029,+0.988
1620517980,+3.53,+22.800, +7.028,+0.988
1620518580,+3.53,+22.800, +7.023,+0.988
1620519180,+3.53,+22.792, +7.026,+0.988
1620519780,+3.53,+22.800, +7.031,+0.989
1620520380,+3.53,+22.784, +7.027,+0.988
1620520980,+3.53,+22.784, +7.031,+0.988
1620521580,+3.53,+22.775, +7.031,+0.988
1620522180,+3.53,+22.775, +7.033,+0.988
1620522780,+3.53,+22.758, +7.037,+0.989
1620523380,+3.53,+22.767, +7.033,+0.989
1620523980,+3.53,+22.742, +7.035,+0.988
1620524580,+3.53,+22.750, +7.037,+0.988
1620525180,+3.53,+22.758, +7.042,+0.989
1620525780,+3.53,+22.767, +7.028,+0.988
1620526380,+3.53,+22.742, +7.040,+0.989
1620526980,+3.53,+22.750, +7.036,+0.988
1620527580,+3.53,+22.725, +7.045,+0.988
1620528180,+3.53,+22.750, +7.037,+0.988
1620528780,+3.53,+22.725, +7.041,+0.988
1620529380,+3.53,+22.733, +7.044,+0.988
1620529980,+3.53,+22.742, +7.046,+0.989
1620530580,+3.53,+22.717, +7.055,+0.989
1620531180,+3.53,+22.717, +7.047,+0.989
1620531780,+3.53,+22.691, +7.051,+0.988
1620532380,+3.53,+22.700, +7.048,+0.988
1620532980,+3.53,+22.700, +7.047,+0.988
1620533580,+3.53,+22.700, +7.049,+0.988
1620534180,+3.53,+22.691, +7.049,+0.988
1620534780,+3.53,+22.691, +7.055,+0.989
1620535380,+3.53,+22.683, +7.051,+0.988
1620535980,+3.53,+22.683, +7.055,+0.988
1620536580,+3.53,+22.675, +7.056,+0.988
1620537180,+3.53,+22.683, +7.054,+0.988
1620537780,+3.53,+22.658, +7.060,+0.988
1620538380,+3.53,+22.666, +7.058,+0.988
1620538980,+3.53,+22.666, +7.057,+0.989
1620539580,+3.53,+22.650, +7.067,+0.989
1620540180,+3.53,+22.650, +7.065,+0.989
1620540780,+3.53,+22.625, +7.061,+0.988
1620541380,+3.53,+22.633, +7.060,+0.989
1620541980,+3.53,+22.633, +7.062,+0.989
1620542580,+3.53,+22.608, +7.065,+0.988
1620543180,+3.53,+22.625, +7.058,+0.988
1620543780,+3.53,+22.616, +7.058,+0.988
1620544380,+3.53,+22.599, +7.061,+0.988
1620544980,+3.53,+22.608, +7.067,+0.989
1620545580,+3.53,+22.608, +7.060,+0.989
1620546180,+3.53,+22.591, +7.055,+0.988
1620546780,+3.53,+22.566, +7.073,+0.989
1620547380,+3.53,+22.583, +7.066,+0.989
1620547980,+3.53,+22.591, +7.063,+0.989
1620548580,+3.53,+22.566, +7.067,+0.989
1620549180,+3.53,+22.574, +7.069,+0.989
1620549780,+3.53,+22.558, +7.067,+0.988
1620550380,+3.53,+22.549, +7.073,+0.989
1620550980,+3.53,+22.533, +7.068,+0.988
1620551580,+3.53,+22.549, +7.064,+0.988
1620552180,+3.53,+22.549, +7.066,+0.988
1620552780,+3.53,+22.533, +7.075,+0.988
1620553380,+3.53,+22.533, +7.068,+0.988
1620553980,+3.53,+22.524, +7.073,+0.988
1620554580,+3.53,+22.516, +7.069,+0.988
1620555180,+3.53,+22.516, +7.082,+0.989
1620555780,+3.53,+22.507, +7.081,+0.989
1620556380,+3.53,+22.482, +7.081,+0.988
1620556980,+3.53,+22.491, +7.076,+0.988
1620557580,+3.53,+22.499, +7.077,+0.989
1620558180,+3.53,+22.482, +7.083,+0.989
1620558780,+3.53,+22.474, +7.076,+0.988
1620559380,+3.53,+22.449, +7.083,+0.988
1620559980,+3.53,+22.466, +7.073,+0.988
1620560580,+3.53,+22.474, +7.076,+0.988
1620561180,+3.53,+22.466, +7.074,+0.988
1620561780,+3.53,+22.440, +7.083,+0.989
1620562380,+3.53,+22.449, +7.072,+0.988
1620562980,+3.53,+22.415, +7.087,+0.988
1620563580,+3.53,+22.440, +7.080,+0.988
1620564180,+3.53,+22.407, +7.083,+0.988
1620564780,+3.53,+22.415, +7.092,+0.989
1620565380,+3.53,+22.407, +7.094,+0.989
1620565980,+3.53,+22.407, +7.088,+0.988
1620566580,+3.53,+22.407, +7.093,+0.989
1620567180,+3.53,+22.399, +7.088,+0.988
1620567780,+3.53,+22.382, +7.094,+0.988
1620568380,+3.53,+22.390, +7.088,+0.988
1620568980,+3.53,+22.390, +7.089,+0.989
1620569580,+3.53,+22.365, +7.087,+0.988
1620570180,+3.53,+22.374, +7.092,+0.989
1620570780,+3.53,+22.357, +7.094,+0.988
1620571380,+3.53,+22.340, +7.095,+0.988
1620571980,+3.53,+22.340, +7.100,+0.989
1620572580,+3.53,+22.348, +7.098,+0.989
1620573180,+3.53,+22.332, +7.092,+0.988
1620573780,+3.53,+22.332, +7.098,+0.988
1620574380,+3.53,+22.315, +7.106,+0.989
1620574980,+3.53,+22.315, +7.102,+0.988
1620575580,+3.53,+22.323, +7.095,+0.988
1620576180,+3.53,+22.315, +7.092,+0.988
1620576780,+3.53,+22.323, +7.100,+0.989
1620577380,+3.53,+22.298, +7.105,+0.988
1620577980,+3.53,+22.298, +7.111,+0.989
1620578580,+3.53,+22.298, +7.104,+0.988
1620579180,+3.53,+22.307, +7.110,+0.989
1620579780,+3.53,+22.298, +7.118,+0.989
1620580380,+3.53,+22.290, +7.110,+0.989
1620580980,+3.53,+22.273, +7.116,+0.988
1620581580,+3.53,+22.290, +7.113,+0.989
1620582180,+3.53,+22.273, +7.118,+0.989
1620582780,+3.53,+22.256, +7.120,+0.988
1620583380,+3.53,+22.265, +7.120,+0.989
1620583980,+3.53,+22.273, +7.118,+0.989
1620584580,+3.53,+22.256, +7.122,+0.989
1620585180,+3.53,+22.256, +7.117,+0.988
1620585780,+3.53,+22.256, +7.120,+0.988
1620586380,+3.53,+22.231, +7.126,+0.989
1620586980,+3.53,+22.256, +7.114,+0.988
1620587580,+3.53,+22.231, +7.127,+0.989
1620588180,+3.53,+22.215, +7.134,+0.989
1620588780,+3.53,+22.198, +7.128,+0.988
1620589380,+3.53,+22.223, +7.129,+0.989
1620589980,+3.53,+22.215, +7.130,+0.989
1620590580,+3.53,+22.198, +7.133,+0.989
1620591180,+3.53,+22.181, +7.134,+0.988
