7450-467606
OS REV: 1.05 Sensor Cal: 1617727001
Time (sec),  BV (Volts),  T (deg C),  DO (mg/l),  Q ()
1620591780,+3.53,+22.198, +7.129,+0.989
1620592380,+3.53,+22.181, +7.132,+0.989
1620592980,+3.53,+22.181, +7.130,+0.989
1620593580,+3.53,+22.164, +7.141,+0.989
1620594180,+3.53,+22.173, +7.135,+0.989
1620594780,+3.53,+22.164, +7.130,+0.988
1620595380,+3.53,+22.164, +7.131,+0.988
1620595980,+3.53,+22.123, +7.146,+0.989
1620596580,+3.53,+22.148, +7.131,+0.988
1620597180,+3.53,+22.131, +7.139,+0.989
1620597780,+3.53,+22.131, +7.130,+0.988
1620598380,+3.53,+22.131, +7.137,+0.988
1620598980,+3.53,+22.123, +7.135,+0.988
1620599580,+3.53,+22.139, +7.133,+0.989
1620600180,+3.53,+22.131, +7.133,+0.988
1620600780,+3.53,+22.131, +7.134,+0.988
1620601380,+3.53,+22.139, +7.139,+0.989
1620601980,+3.53,+22.139, +7.137,+0.989
1620602580,+3.53,+22.148, +7.132,+0.988
1620603180,+3.53,+22.148, +7.131,+0.988
1620603780,+3.53,+22.164, +7.128,+0.988
1620604380,+3.53,+22.181, +7.134,+0.989
1620604980,+3.53,+22.164, +7.130,+0.988
1620605580,+3.53,+22.164, +7.125,+0.988
1620606180,+3.53,+22.190, +7.127,+0.988
1620606780,+3.53,+22.181, +7.132,+0.989
1620607380,+3.53,+22.190, +7.128,+0.989
1620607980,+3.53,+22.173, +7.136,+0.989
1620608580,+3.53,+22.173, +7.130,+0.988
1620609180,+3.53,+22.198, +7.126,+0.989
1620609780,+3.53,+22.181, +7.128,+0.988
1620610380,+3.53,+22.206, +7.136,+0.989
1620610980,+3.53,+22.206, +7.128,+0.988
1620611580,+3.53,+22.206, +7.130,+0.988
1620612180,+3.53,+22.223, +7.134,+0.989
1620612780,+3.53,+22.206, +7.133,+0.988
1620613380,+3.53,+22.215, +7.141,+0.989
1620613980,+3.53,+22.223, +7.137,+0.989
1620614580,+3.53,+22.223, +7.132,+0.988
1620615180,+3.53,+22.215, +7.135,+0.988
1620615780,+3.53,+22.240, +7.131,+0.988
1620616380,+3.53,+22.215, +7.142,+0.989
1620616980,+3.53,+22.231, +7.139,+0.989
1620617580,+3.53,+22.223, +7.134,+0.988
1620618180,+3.53,+22.223, +7.135,+0.988
1620618780,+3.53,+22.231, +7.140,+0.988
1620619380,+3.53,+22.248, +7.135,+0.988
1620619980,+3.53,+22.231, +7.133,+0.988
1620620580,+3.53,+22.223, +7.142,+0.988
1620621180,+3.53,+22.256, +7.136,+0.988
1620621780,+3.53,+22.248, +7.140,+0.988
1620622380,+3.53,+22.248, +7.139,+0.988
1620622980,+3.53,+22.240, +7.146,+0.989
1620623580,+3.53,+22.256, +7.141,+0.989
1620624180,+3.53,+22.256, +7.142,+0.989
1620624780,+3.53,+22.256, +7.135,+0.988
1620625380,+3.53,+22.240, +7.142,+0.988
1620625980,+3.53,+22.265, +7.139,+0.989
1620626580,+3.53,+22.265, +7.144,+0.989
1620627180,+3.53,+22.265, +7.135,+0.989
1620627780,+3.53,+22.265, +7.143,+0.989
1620628380,+3.53,+22.282, +7.131,+0.989
1620628980,+3.53,+22.265, +7.141,+0.989
1620629580,+3.53,+22.265, +7.141,+0.989
1620630180,+3.53,+22.256, +7.142,+0.989
1620630780,+3.53,+22.265, +7.135,+0.988
1620631380,+3.53,+22.273, +7.134,+0.989
1620631980,+3.53,+22.273, +7.139,+0.989
1620632580,+3.53,+22.265, +7.133,+0.988
1620633180,+3.53,+22.282, +7.134,+0.989
1620633780,+3.53,+22.273, +7.140,+0.989
1620634380,+3.53,+22.273, +7.131,+0.988
1620634980,+3.53,+22.290, +7.129,+0.989
1620635580,+3.53,+22.290, +7.134,+0.989
1620636180,+3.53,+22.282, +7.136,+0.989
1620636780,+3.53,+22.282, +7.131,+0.989
1620637380,+3.53,+22.282, +7.132,+0.989
1620637980,+3.53,+22.282, +7.134,+0.989
1620638580,+3.53,+22.273, +7.138,+0.989
1620639180,+3.53,+22.290, +7.133,+0.989
1620639780,+3.53,+22.290, +7.123,+0.988
1620640380,+3.53,+22.282, +7.132,+0.989
1620640980,+3.53,+22.282, +7.126,+0.988
1620641580,+3.53,+22.298, +7.127,+0.989
1620642180,+3.53,+22.282, +7.138,+0.989
1620642780,+3.53,+22.298, +7.127,+0.989
1620643380,+3.53,+22.298, +7.119,+0.988
1620643980,+3.53,+22.298, +7.126,+0.988
1620644580,+3.53,+22.290, +7.126,+0.988
1620645180,+3.53,+22.307, +7.123,+0.989
1620645780,+3.53,+22.298, +7.130,+0.989
1620646380,+3.53,+22.298, +7.124,+0.988
1620646980,+3.53,+22.290, +7.137,+0.989
1620647580,+3.53,+22.290, +7.123,+0.988
1620648180,+3.53,+22.290, +7.123,+0.988
1620648780,+3.53,+22.290, +7.125,+0.989
1620649380,+3.53,+22.290, +7.122,+0.988
1620649980,+3.53,+22.282, +7.133,+0.989
1620650580,+3.53,+22.282, +7.140,+0.990
1620651180,+3.53,+22.307, +7.122,+0.989
1620651780,+3.53,+22.282, +7.127,+0.988
1620652380,+3.53,+22.273, +7.131,+0.989
1620652980,+3.53,+22.290, +7.131,+0.989
1620653580,+3.53,+22.282, +7.136,+0.989
1620654180,+3.53,+22.290, +7.136,+0.989
1620654780,+3.53,+22.298, +7.127,+0.989
1620655380,+3.53,+22.273, +7.140,+0.989
1620655980,+3.53,+22.282, +7.131,+0.989
1620656580,+3.53,+22.273, +7.134,+0.989
1620657180,+3.53,+22.282, +7.131,+0.988
1620657780,+3.53,+22.290, +7.140,+0.989
1620658380,+3.53,+22.290, +7.140,+0.989
1620658980,+3.53,+22.273, +7.135,+0.988
1620659580,+3.53,+22.282, +7.134,+0.988
1620660180,+3.53,+22.282, +7.135,+0.989
1620660780,+3.53,+22.265, +7.143,+0.989
1620661380,+3.53,+22.273, +7.143,+0.989
1620661980,+3.53,+22.265, +7.140,+0.989
1620662580,+3.53,+22.282, +7.141,+0.989
1620663180,+3.53,+22.265, +7.137,+0.988
1620663780,+3.53,+22.282, +7.142,+0.989
1620664380,+3.53,+22.282, +7.138,+0.989
1620664980,+3.53,+22.273, +7.141,+0.989
1620665580,+3.53,+22.273, +7.141,+0.989
1620666180,+3.53,+22.290, +7.136,+0.988
1620666780,+3.53,+22.273, +7.142,+0.989
1620667380,+3.53,+22.282, +7.137,+0.989
1620667980,+3.53,+22.282, +7.140,+0.989
1620668580,+3.53,+22.273, +7.147,+0.989
1620669180,+3.53,+22.273, +7.149,+0.989
1620669780,+3.53,+22.282, +7.143,+0.989
1620670380,+3.53,+22.265, +7.142,+0.988
1620670980,+3.53,+22.273, +7.140,+0.988
1620671580,+3.53,+22.290, +7.142,+0.989
1620672180,+3.53,+22.290, +7.140,+0.989
1620672780,+3.53,+22.290, +7.132,+0.988
1620673380,+3.53,+22.282, +7.147,+0.989
1620673980,+3.53,+22.282, +7.141,+0.989
1620674580,+3.53,+22.273, +7.144,+0.989
1620675180,+3.53,+22.290, +7.129,+0.988
1620675780,+3.53,+22.298, +7.140,+0.989
1620676380,+3.53,+22.290, +7.141,+0.989
1620676980,+3.53,+22.290, +7.145,+0.989
1620677580,+3.53,+22.290, +7.144,+0.989
1620678180,+3.53,+22.307, +7.134,+0.989
