7450-467606
OS REV: 1.05 Sensor Cal: 1617727001
Time (sec),  BV (Volts),  T (deg C),  DO (mg/l),  Q ()
1631142000,+3.51,+16.090, +8.356,+0.991
1631142600,+3.51,+16.081, +8.358,+0.991
1631143200,+3.51,+16.090, +8.353,+0.991
1631143800,+3.51,+16.081, +8.338,+0.990
1631144400,+3.51,+16.115, +8.331,+0.991
1631145000,+3.51,+16.098, +8.335,+0.992
1631145600,+3.51,+16.098, +8.323,+0.991
1631146200,+3.51,+16.081, +8.328,+0.991
1631146800,+3.51,+16.098, +8.318,+0.991
1631147400,+3.51,+16.098, +8.305,+0.991
1631148000,+3.51,+16.124, +8.306,+0.991
1631148600,+3.51,+16.107, +8.294,+0.991
1631149200,+3.51,+16.098, +8.203,+0.991
1631149800,+3.51,+16.055, +8.111,+0.991
1631150400,+3.51,+16.064, +8.008,+0.991
1631151000,+3.51,+16.055, +7.935,+0.991
1631151600,+3.51,+16.021, +7.870,+0.991
1631152200,+3.51,+16.038, +7.799,+0.991
1631152800,+3.51,+16.004, +7.747,+0.991
1631153400,+3.51,+16.047, +7.686,+0.991
1631154000,+3.51,+16.013, +7.644,+0.991
1631154600,+3.51,+16.030, +7.600,+0.992
1631155200,+3.51,+16.013, +7.560,+0.991
1631155800,+3.51,+16.021, +7.528,+0.992
1631156400,+3.51,+16.004, +7.495,+0.991
1631157000,+3.51,+16.021, +7.473,+0.992
1631157600,+3.51,+16.004, +7.438,+0.991
1631158200,+3.51,+16.004, +7.425,+0.992
1631158800,+3.51,+15.987, +7.403,+0.991
1631159400,+3.51,+15.996, +7.385,+0.992
1631160000,+3.51,+16.004, +7.369,+0.992
1631160600,+3.51,+15.987, +7.355,+0.992
1631161200,+3.51,+15.996, +7.338,+0.992
1631161800,+3.51,+16.004, +7.330,+0.992
1631162400,+3.51,+16.013, +7.316,+0.992
1631163000,+3.51,+16.004, +7.305,+0.992
1631163600,+3.51,+16.004, +7.293,+0.992
1631164200,+3.51,+15.987, +7.288,+0.992
1631164800,+3.51,+15.996, +7.285,+0.992
1631165400,+3.51,+15.996, +7.274,+0.992
1631166000,+3.51,+15.987, +7.269,+0.992
1631166600,+3.51,+15.996, +7.259,+0.992
1631167200,+3.51,+16.004, +7.258,+0.992
1631167800,+3.51,+15.979, +7.268,+0.992
1631168400,+3.51,+16.004, +7.241,+0.992
1631169000,+3.51,+15.970, +7.252,+0.992
1631169600,+3.51,+15.987, +7.252,+0.992
1631170200,+3.51,+15.987, +7.242,+0.992
1631170800,+3.51,+15.987, +7.239,+0.992
1631171400,+3.51,+15.996, +7.238,+0.992
1631172000,+3.51,+15.987, +7.231,+0.991
1631172600,+3.51,+15.979, +7.238,+0.992
1631173200,+3.51,+15.996, +7.236,+0.992
1631173800,+3.51,+15.962, +7.241,+0.992
1631174400,+3.51,+15.996, +7.228,+0.991
1631175000,+3.51,+16.004, +7.223,+0.992
1631175600,+3.51,+15.970, +7.238,+0.992
1631176200,+3.51,+15.987, +7.230,+0.992
1631176800,+3.51,+15.970, +7.237,+0.992
1631177400,+3.51,+15.970, +7.234,+0.992
1631178000,+3.51,+16.013, +7.228,+0.992
1631178600,+3.51,+15.970, +7.233,+0.992
1631179200,+3.51,+15.970, +7.233,+0.992
1631179800,+3.51,+15.987, +7.234,+0.992
1631180400,+3.51,+16.021, +7.221,+0.992
1631181000,+3.51,+16.013, +7.231,+0.992
1631181600,+3.51,+15.979, +7.233,+0.992
1631182200,+3.51,+16.004, +7.237,+0.992
1631182800,+3.51,+15.996, +7.232,+0.992
1631183400,+3.51,+16.013, +7.231,+0.992
1631184000,+3.51,+15.987, +7.243,+0.992
1631184600,+3.51,+15.987, +7.234,+0.992
1631185200,+3.51,+16.021, +7.235,+0.992
1631185800,+3.51,+16.004, +7.229,+0.991
1631186400,+3.51,+15.996, +7.238,+0.992
1631187000,+3.51,+16.004, +7.238,+0.992
1631187600,+3.51,+15.996, +7.239,+0.992
1631188200,+3.51,+16.004, +7.240,+0.992
1631188800,+3.51,+16.013, +7.239,+0.992
1631189400,+3.51,+15.987, +7.247,+0.992
1631190000,+3.51,+16.021, +7.236,+0.992
1631190600,+3.51,+16.013, +7.245,+0.992
1631191200,+3.51,+16.013, +7.241,+0.992
1631191800,+3.51,+16.013, +7.243,+0.992
1631192400,+3.51,+16.021, +7.254,+0.992
1631193000,+3.51,+16.047, +7.342,+0.992
1631193600,+3.51,+16.047, +7.432,+0.992
1631194200,+3.51,+16.038, +7.523,+0.992
1631194800,+3.51,+16.047, +7.597,+0.991
1631195400,+3.51,+16.064, +7.671,+0.992
1631196000,+3.51,+16.081, +7.727,+0.991
1631196600,+3.51,+16.090, +7.786,+0.992
1631197200,+3.51,+16.098, +7.841,+0.991
1631197800,+3.51,+16.090, +7.882,+0.991
1631198400,+3.51,+16.090, +7.934,+0.991
1631199000,+3.51,+16.115, +7.965,+0.991
1631199600,+3.51,+16.124, +8.002,+0.991
1631200200,+3.51,+16.124, +8.032,+0.991
1631200800,+3.51,+16.124, +8.058,+0.991
1631201400,+3.51,+16.124, +8.091,+0.991
1631202000,+3.51,+16.115, +8.117,+0.991
1631202600,+3.51,+16.107, +8.144,+0.992
1631203200,+3.51,+16.107, +8.160,+0.991
1631203800,+3.51,+16.098, +8.173,+0.991
1631204400,+3.51,+16.115, +8.194,+0.991
1631205000,+3.51,+16.107, +8.207,+0.991
1631205600,+3.51,+16.124, +8.218,+0.991
1631206200,+3.51,+16.098, +8.241,+0.991
1631206800,+3.51,+16.115, +8.245,+0.991
1631207400,+3.51,+16.115, +8.255,+0.991
1631208000,+3.51,+16.124, +8.270,+0.991
1631208600,+3.51,+16.124, +8.279,+0.992
1631209200,+3.51,+16.115, +8.282,+0.991
1631209800,+3.51,+16.115, +8.285,+0.991
1631210400,+3.51,+16.124, +8.296,+0.991
1631211000,+3.51,+16.115, +8.301,+0.991
1631211600,+3.51,+16.107, +8.311,+0.991
1631212200,+3.51,+16.107, +8.322,+0.991
1631212800,+3.51,+16.107, +8.320,+0.991
1631213400,+3.51,+16.158, +8.310,+0.991
1631214000,+3.51,+16.132, +8.327,+0.991
1631214600,+3.51,+16.141, +8.314,+0.990
1631215200,+3.51,+16.141, +8.330,+0.991
1631215800,+3.51,+16.124, +8.334,+0.991
1631216400,+3.51,+16.141, +8.330,+0.991
1631217000,+3.51,+16.132, +8.334,+0.991
1631217600,+3.51,+16.141, +8.342,+0.991
1631218200,+3.51,+16.132, +8.342,+0.991
1631218800,+3.51,+16.132, +8.344,+0.991
1631219400,+3.51,+16.132, +8.342,+0.991
1631220000,+3.51,+16.149, +8.339,+0.991
1631220600,+3.51,+16.141, +8.337,+0.991
1631221200,+3.51,+16.124, +8.330,+0.990
1631221800,+3.51,+16.124, +8.338,+0.990
1631222400,+3.51,+16.115, +8.345,+0.991
1631223000,+3.51,+16.124, +8.343,+0.991
1631223600,+3.51,+16.132, +8.331,+0.990
1631224200,+3.51,+16.132, +8.340,+0.991
1631224800,+3.51,+16.115, +8.342,+0.991
1631225400,+3.51,+16.124, +8.336,+0.991
1631226000,+3.51,+16.132, +8.340,+0.991
1631226600,+3.51,+16.132, +8.338,+0.991
1631227200,+3.51,+16.149, +8.319,+0.991
1631227800,+3.51,+16.132, +8.326,+0.991
1631228400,+3.51,+16.115, +8.324,+0.991
