7450-467606
OS REV: 1.05 Sensor Cal: 1617727001
Time (sec),  BV (Volts),  T (deg C),  DO (mg/l),  Q ()
1629138000,+3.49,+16.745, +7.764,+0.989
1629138600,+3.49,+16.737, +7.773,+0.990
1629139200,+3.49,+16.694, +7.783,+0.990
1629139800,+3.49,+16.677, +7.802,+0.990
1629140400,+3.49,+16.669, +7.800,+0.990
1629141000,+3.49,+16.669, +7.804,+0.990
1629141600,+3.49,+16.694, +7.804,+0.990
1629142200,+3.49,+16.694, +7.796,+0.990
1629142800,+3.49,+16.677, +7.812,+0.990
1629143400,+3.49,+16.686, +7.799,+0.990
1629144000,+3.49,+16.686, +7.806,+0.990
1629144600,+3.49,+16.677, +7.805,+0.990
1629145200,+3.49,+16.677, +7.809,+0.990
1629145800,+3.49,+16.686, +7.805,+0.990
1629146400,+3.49,+16.669, +7.814,+0.990
1629147000,+3.49,+16.677, +7.814,+0.990
1629147600,+3.49,+16.669, +7.811,+0.990
1629148200,+3.49,+16.677, +7.820,+0.990
1629148800,+3.49,+16.677, +7.813,+0.990
1629149400,+3.49,+16.694, +7.812,+0.990
1629150000,+3.49,+16.669, +7.813,+0.990
1629150600,+3.49,+16.669, +7.815,+0.990
1629151200,+3.49,+16.686, +7.802,+0.990
1629151800,+3.50,+16.686, +7.807,+0.990
1629152400,+3.50,+16.703, +7.798,+0.990
1629153000,+3.50,+16.728, +7.794,+0.990
1629153600,+3.50,+16.728, +7.792,+0.990
1629154200,+3.50,+16.762, +7.779,+0.990
1629154800,+3.50,+16.737, +7.784,+0.990
1629155400,+3.50,+16.779, +7.771,+0.989
1629156000,+3.50,+16.788, +7.775,+0.990
1629156600,+3.50,+16.796, +7.757,+0.990
1629157200,+3.50,+16.813, +7.743,+0.990
1629157800,+3.50,+16.796, +7.742,+0.990
1629158400,+3.50,+16.805, +7.736,+0.990
1629159000,+3.50,+16.822, +7.723,+0.990
1629159600,+3.50,+16.839, +7.715,+0.990
1629160200,+3.50,+16.839, +7.707,+0.990
1629160800,+3.50,+16.830, +7.708,+0.990
1629161400,+3.50,+16.813, +7.667,+0.990
1629162000,+3.50,+16.779, +7.629,+0.990
1629162600,+3.50,+16.771, +7.593,+0.990
1629163200,+3.50,+16.745, +7.557,+0.990
1629163800,+3.50,+16.745, +7.525,+0.990
1629164400,+3.50,+16.737, +7.496,+0.990
1629165000,+3.50,+16.711, +7.478,+0.990
1629165600,+3.50,+16.728, +7.449,+0.990
1629166200,+3.50,+16.720, +7.441,+0.990
1629166800,+3.50,+16.737, +7.419,+0.990
1629167400,+3.50,+16.720, +7.402,+0.990
1629168000,+3.50,+16.737, +7.391,+0.990
1629168600,+3.50,+16.728, +7.376,+0.990
1629169200,+3.50,+16.728, +7.368,+0.990
1629169800,+3.50,+16.754, +7.350,+0.990
1629170400,+3.50,+16.728, +7.349,+0.990
1629171000,+3.50,+16.728, +7.347,+0.990
1629171600,+3.50,+16.745, +7.336,+0.990
1629172200,+3.50,+16.737, +7.342,+0.990
1629172800,+3.50,+16.762, +7.334,+0.990
1629173400,+3.50,+16.762, +7.324,+0.990
1629174000,+3.50,+16.728, +7.334,+0.990
1629174600,+3.50,+16.771, +7.322,+0.990
1629175200,+3.50,+16.762, +7.319,+0.989
1629175800,+3.50,+16.771, +7.319,+0.990
1629176400,+3.50,+16.771, +7.324,+0.990
1629177000,+3.50,+16.754, +7.331,+0.990
1629177600,+3.50,+16.762, +7.323,+0.989
1629178200,+3.51,+16.771, +7.329,+0.990
1629178800,+3.50,+16.779, +7.332,+0.990
1629179400,+3.50,+16.796, +7.326,+0.990
1629180000,+3.50,+16.796, +7.328,+0.990
1629180600,+3.50,+16.805, +7.326,+0.989
1629181200,+3.50,+16.813, +7.333,+0.990
1629181800,+3.51,+16.813, +7.333,+0.990
1629182400,+3.51,+16.813, +7.337,+0.990
1629183000,+3.51,+16.830, +7.337,+0.990
1629183600,+3.51,+16.839, +7.340,+0.990
1629184200,+3.51,+16.839, +7.340,+0.990
1629184800,+3.51,+16.847, +7.332,+0.989
1629185400,+3.51,+16.864, +7.336,+0.990
1629186000,+3.51,+16.856, +7.336,+0.989
1629186600,+3.51,+16.873, +7.335,+0.989
1629187200,+3.51,+16.856, +7.343,+0.989
1629187800,+3.51,+16.873, +7.339,+0.989
1629188400,+3.51,+16.890, +7.336,+0.989
1629189000,+3.51,+16.881, +7.342,+0.989
1629189600,+3.51,+16.890, +7.336,+0.989
1629190200,+3.51,+16.890, +7.338,+0.989
1629190800,+3.51,+16.898, +7.342,+0.990
1629191400,+3.51,+16.915, +7.330,+0.989
1629192000,+3.51,+16.923, +7.335,+0.989
1629192600,+3.51,+16.923, +7.341,+0.990
1629193200,+3.51,+16.923, +7.336,+0.989
1629193800,+3.51,+16.932, +7.335,+0.989
1629194400,+3.51,+16.932, +7.328,+0.989
1629195000,+3.51,+16.940, +7.335,+0.990
1629195600,+3.51,+16.940, +7.333,+0.989
1629196200,+3.51,+16.949, +7.329,+0.989
1629196800,+3.51,+16.957, +7.342,+0.990
1629197400,+3.51,+16.940, +7.339,+0.990
1629198000,+3.51,+16.966, +7.334,+0.990
1629198600,+3.51,+16.957, +7.329,+0.989
1629199200,+3.51,+16.974, +7.327,+0.989
1629199800,+3.51,+16.974, +7.328,+0.989
1629200400,+3.51,+16.983, +7.325,+0.989
1629201000,+3.51,+16.983, +7.332,+0.990
1629201600,+3.51,+16.966, +7.329,+0.989
1629202200,+3.51,+17.000, +7.320,+0.989
1629202800,+3.51,+17.000, +7.328,+0.990
1629203400,+3.51,+16.983, +7.325,+0.989
1629204000,+3.51,+16.974, +7.321,+0.989
1629204600,+3.51,+16.949, +7.328,+0.989
1629205200,+3.51,+16.957, +7.360,+0.989
1629205800,+3.51,+16.940, +7.391,+0.989
1629206400,+3.51,+16.940, +7.425,+0.990
1629207000,+3.51,+16.915, +7.446,+0.989
1629207600,+3.51,+16.906, +7.466,+0.989
1629208200,+3.51,+16.915, +7.494,+0.990
1629208800,+3.51,+16.890, +7.503,+0.989
1629209400,+3.51,+16.881, +7.526,+0.990
1629210000,+3.51,+16.864, +7.536,+0.989
1629210600,+3.51,+16.873, +7.550,+0.990
1629211200,+3.51,+16.830, +7.569,+0.990
1629211800,+3.51,+16.822, +7.575,+0.989
1629212400,+3.51,+16.813, +7.593,+0.990
1629213000,+3.51,+16.796, +7.602,+0.989
1629213600,+3.51,+16.796, +7.606,+0.989
1629214200,+3.51,+16.796, +7.606,+0.989
1629214800,+3.51,+16.779, +7.627,+0.989
1629215400,+3.51,+16.796, +7.619,+0.989
1629216000,+3.51,+16.813, +7.618,+0.989
1629216600,+3.51,+16.813, +7.633,+0.990
1629217200,+3.51,+16.822, +7.628,+0.989
1629217800,+3.51,+16.805, +7.630,+0.989
1629218400,+3.51,+16.805, +7.634,+0.989
1629219000,+3.51,+16.805, +7.632,+0.989
1629219600,+3.51,+16.788, +7.643,+0.989
1629220200,+3.51,+16.805, +7.633,+0.989
1629220800,+3.51,+16.788, +7.646,+0.989
1629221400,+3.51,+16.822, +7.639,+0.990
1629222000,+3.51,+16.805, +7.643,+0.989
1629222600,+3.51,+16.822, +7.643,+0.989
1629223200,+3.51,+16.822, +7.650,+0.990
1629223800,+3.51,+16.847, +7.642,+0.989
1629224400,+3.51,+16.847, +7.646,+0.989
