7450-467606
OS REV: 1.05 Sensor Cal: 1617727001
Time (sec),  BV (Volts),  T (deg C),  DO (mg/l),  Q ()
1620330780,+3.53,+22.850, +7.026,+0.987
1620331380,+3.53,+22.850, +7.034,+0.988
1620331980,+3.53,+22.867, +7.035,+0.988
1620332580,+3.53,+22.859, +7.030,+0.988
1620333180,+3.53,+22.867, +7.029,+0.988
1620333780,+3.53,+22.859, +7.023,+0.987
1620334380,+3.53,+22.867, +7.028,+0.988
1620334980,+3.53,+22.867, +7.024,+0.988
1620335580,+3.53,+22.867, +7.025,+0.988
1620336180,+3.53,+22.876, +7.018,+0.987
1620336780,+3.53,+22.876, +7.020,+0.988
1620337380,+3.53,+22.859, +7.029,+0.988
1620337980,+3.53,+22.876, +7.023,+0.988
1620338580,+3.53,+22.876, +7.022,+0.988
1620339180,+3.53,+22.884, +7.018,+0.987
1620339780,+3.53,+22.876, +7.022,+0.988
1620340380,+3.53,+22.884, +7.017,+0.988
1620340980,+3.53,+22.892, +7.017,+0.988
1620341580,+3.53,+22.901, +7.016,+0.988
1620342180,+3.53,+22.917, +7.006,+0.988
1620342780,+3.53,+22.951, +7.001,+0.988
1620343380,+3.53,+22.951, +6.999,+0.987
1620343980,+3.53,+22.951, +7.002,+0.988
1620344580,+3.53,+22.934, +7.008,+0.988
1620345180,+3.53,+22.968, +6.997,+0.988
1620345780,+3.53,+22.984, +6.989,+0.987
1620346380,+3.53,+23.010, +6.995,+0.988
1620346980,+3.53,+23.001, +6.994,+0.988
1620347580,+3.53,+23.018, +6.993,+0.988
1620348180,+3.53,+23.018, +6.992,+0.988
1620348780,+3.53,+23.018, +6.995,+0.988
1620349380,+3.53,+23.051, +6.985,+0.988
1620349980,+3.53,+23.068, +6.985,+0.988
1620350580,+3.53,+23.076, +6.989,+0.988
1620351180,+3.53,+23.085, +6.973,+0.987
1620351780,+3.53,+23.093, +6.975,+0.987
1620352380,+3.53,+23.110, +6.974,+0.988
1620352980,+3.53,+23.118, +6.982,+0.988
1620353580,+3.53,+23.110, +6.977,+0.988
1620354180,+3.53,+23.127, +6.971,+0.988
1620354780,+3.53,+23.135, +6.973,+0.988
1620355380,+3.53,+23.143, +6.968,+0.988
1620355980,+3.53,+23.169, +6.963,+0.988
1620356580,+3.53,+23.160, +6.962,+0.987
1620357180,+3.53,+23.185, +6.962,+0.988
1620357780,+3.53,+23.185, +6.968,+0.988
1620358380,+3.53,+23.185, +6.961,+0.988
1620358980,+3.53,+23.202, +6.958,+0.987
1620359580,+3.53,+23.219, +6.961,+0.988
1620360180,+3.53,+23.219, +6.960,+0.988
1620360780,+3.53,+23.219, +6.962,+0.988
1620361380,+3.53,+23.227, +6.955,+0.987
1620361980,+3.53,+23.227, +6.969,+0.988
1620362580,+3.53,+23.236, +6.953,+0.987
1620363180,+3.53,+23.236, +6.957,+0.988
1620363780,+3.53,+23.236, +6.957,+0.988
1620364380,+3.53,+23.252, +6.953,+0.988
1620364980,+3.53,+23.269, +6.956,+0.988
1620365580,+3.53,+23.252, +6.955,+0.988
1620366180,+3.53,+23.269, +6.949,+0.988
1620366780,+3.53,+23.269, +6.952,+0.988
1620367380,+3.53,+23.269, +6.950,+0.988
1620367980,+3.53,+23.269, +6.947,+0.988
1620368580,+3.53,+23.277, +6.948,+0.988
1620369180,+3.53,+23.294, +6.943,+0.988
1620369780,+3.53,+23.286, +6.946,+0.988
1620370380,+3.53,+23.286, +6.950,+0.988
1620370980,+3.53,+23.294, +6.942,+0.988
1620371580,+3.53,+23.294, +6.942,+0.988
1620372180,+3.53,+23.277, +6.948,+0.988
1620372780,+3.53,+23.303, +6.935,+0.988
1620373380,+3.53,+23.311, +6.938,+0.988
1620373980,+3.53,+23.294, +6.934,+0.988
1620374580,+3.53,+23.294, +6.937,+0.988
1620375180,+3.53,+23.311, +6.928,+0.988
1620375780,+3.53,+23.303, +6.921,+0.987
1620376380,+3.53,+23.294, +6.931,+0.988
1620376980,+3.53,+23.277, +6.933,+0.988
1620377580,+3.53,+23.294, +6.936,+0.988
1620378180,+3.53,+23.303, +6.927,+0.988
1620378780,+3.53,+23.286, +6.936,+0.988
1620379380,+3.53,+23.303, +6.923,+0.988
1620379980,+3.53,+23.319, +6.921,+0.988
1620380580,+3.53,+23.311, +6.915,+0.988
1620381180,+3.53,+23.303, +6.921,+0.988
1620381780,+3.53,+23.294, +6.925,+0.988
1620382380,+3.53,+23.286, +6.935,+0.988
1620382980,+3.53,+23.303, +6.922,+0.988
1620383580,+3.53,+23.286, +6.927,+0.988
1620384180,+3.53,+23.294, +6.924,+0.988
1620384780,+3.53,+23.286, +6.924,+0.988
1620385380,+3.53,+23.277, +6.926,+0.988
1620385980,+3.53,+23.286, +6.923,+0.988
1620386580,+3.53,+23.261, +6.925,+0.988
1620387180,+3.53,+23.269, +6.917,+0.987
1620387780,+3.53,+23.277, +6.921,+0.988
1620388380,+3.53,+23.252, +6.924,+0.988
1620388980,+3.53,+23.269, +6.923,+0.988
1620389580,+3.53,+23.261, +6.914,+0.987
1620390180,+3.53,+23.261, +6.909,+0.987
1620390780,+3.53,+23.252, +6.920,+0.988
1620391380,+3.53,+23.244, +6.922,+0.988
1620391980,+3.53,+23.244, +6.928,+0.988
1620392580,+3.53,+23.252, +6.920,+0.988
1620393180,+3.53,+23.244, +6.917,+0.988
1620393780,+3.53,+23.236, +6.920,+0.988
1620394380,+3.53,+23.219, +6.921,+0.988
1620394980,+3.53,+23.236, +6.916,+0.988
1620395580,+3.53,+23.227, +6.923,+0.988
1620396180,+3.53,+23.227, +6.922,+0.988
1620396780,+3.53,+23.210, +6.926,+0.988
1620397380,+3.53,+23.227, +6.926,+0.988
1620397980,+3.53,+23.219, +6.920,+0.988
1620398580,+3.53,+23.210, +6.925,+0.988
1620399180,+3.53,+23.202, +6.932,+0.988
1620399780,+3.53,+23.219, +6.926,+0.988
1620400380,+3.53,+23.194, +6.930,+0.988
1620400980,+3.53,+23.202, +6.930,+0.988
1620401580,+3.53,+23.194, +6.931,+0.988
1620402180,+3.53,+23.202, +6.931,+0.988
1620402780,+3.53,+23.202, +6.926,+0.988
1620403380,+3.53,+23.185, +6.933,+0.988
1620403980,+3.53,+23.194, +6.939,+0.989
1620404580,+3.53,+23.202, +6.923,+0.988
1620405180,+3.53,+23.194, +6.926,+0.988
1620405780,+3.53,+23.185, +6.935,+0.988
1620406380,+3.53,+23.202, +6.922,+0.988
1620406980,+3.53,+23.202, +6.934,+0.988
1620407580,+3.53,+23.202, +6.924,+0.988
1620408180,+3.53,+23.185, +6.940,+0.989
1620408780,+3.53,+23.202, +6.923,+0.988
1620409380,+3.53,+23.194, +6.933,+0.989
1620409980,+3.53,+23.194, +6.926,+0.988
1620410580,+3.53,+23.194, +6.931,+0.988
1620411180,+3.53,+23.194, +6.929,+0.988
1620411780,+3.53,+23.177, +6.929,+0.988
1620412380,+3.53,+23.185, +6.924,+0.988
1620412980,+3.53,+23.185, +6.931,+0.988
1620413580,+3.53,+23.210, +6.921,+0.988
1620414180,+3.53,+23.194, +6.926,+0.988
1620414780,+3.53,+23.185, +6.934,+0.989
1620415380,+3.53,+23.202, +6.925,+0.988
1620415980,+3.53,+23.202, +6.916,+0.988
1620416580,+3.53,+23.202, +6.920,+0.988
1620417180,+3.53,+23.185, +6.920,+0.988
