7450-567371
OS REV: 1.05 Sensor Cal: 1617727950
Time (sec),  BV (Volts),  T (deg C),  DO (mg/l),  Q ()
1628438220,+3.52,+16.119, +7.552,+0.966
1628438820,+3.52,+16.128, +7.581,+0.966
1628439420,+3.52,+16.136, +7.597,+0.966
1628440020,+3.52,+16.179, +7.622,+0.966
1628440620,+3.52,+16.170, +7.638,+0.966
1628441220,+3.52,+16.187, +7.657,+0.966
1628441820,+3.52,+16.187, +7.679,+0.966
1628442420,+3.52,+16.170, +7.702,+0.966
1628443020,+3.52,+16.128, +7.734,+0.967
1628443620,+3.52,+16.136, +7.744,+0.967
1628444220,+3.52,+16.162, +7.763,+0.966
1628444820,+3.52,+16.162, +7.770,+0.966
1628445420,+3.52,+16.136, +7.793,+0.966
1628446020,+3.52,+16.128, +7.811,+0.966
1628446620,+3.52,+16.128, +7.831,+0.966
1628447220,+3.52,+16.162, +7.836,+0.966
1628447820,+3.52,+16.136, +7.859,+0.966
1628448420,+3.52,+16.162, +7.873,+0.966
1628449020,+3.52,+16.145, +7.886,+0.966
1628449620,+3.52,+16.187, +7.893,+0.966
1628450220,+3.52,+16.170, +7.908,+0.966
1628450820,+3.52,+16.145, +7.921,+0.966
1628451420,+3.52,+16.136, +7.931,+0.966
1628452020,+3.52,+16.179, +7.943,+0.966
1628452620,+3.52,+16.136, +7.955,+0.966
1628453220,+3.52,+16.145, +7.961,+0.966
1628453820,+3.52,+16.145, +7.966,+0.966
1628454420,+3.52,+16.119, +7.979,+0.966
1628455020,+3.52,+16.162, +7.982,+0.965
1628455620,+3.52,+16.145, +7.998,+0.966
1628456220,+3.52,+16.111, +8.012,+0.966
1628456820,+3.52,+16.153, +8.020,+0.966
1628457420,+3.52,+16.145, +8.028,+0.966
1628458020,+3.52,+16.153, +8.041,+0.966
1628458620,+3.52,+16.153, +8.048,+0.966
1628459220,+3.52,+16.128, +8.061,+0.966
1628459820,+3.52,+16.170, +8.059,+0.966
1628460420,+3.52,+16.162, +8.066,+0.966
1628461020,+3.52,+16.128, +8.077,+0.966
1628461620,+3.52,+16.162, +8.096,+0.966
1628462220,+3.52,+16.179, +8.101,+0.966
1628462820,+3.52,+16.162, +8.122,+0.966
1628463420,+3.52,+16.179, +8.113,+0.966
1628464020,+3.52,+16.187, +8.124,+0.966
1628464620,+3.52,+16.162, +8.139,+0.966
1628465220,+3.52,+16.136, +8.155,+0.966
1628465820,+3.52,+16.145, +8.165,+0.966
1628466420,+3.52,+16.136, +8.168,+0.966
1628467020,+3.52,+16.153, +8.175,+0.966
1628467620,+3.52,+16.153, +8.177,+0.966
1628468220,+3.52,+16.136, +8.191,+0.966
1628468820,+3.52,+16.153, +8.192,+0.966
1628469420,+3.52,+16.145, +8.206,+0.966
1628470020,+3.52,+16.153, +8.206,+0.966
1628470620,+3.52,+16.153, +8.221,+0.966
1628471220,+3.52,+16.179, +8.175,+0.966
1628471820,+3.52,+16.162, +8.142,+0.966
1628472420,+3.52,+16.170, +8.082,+0.966
1628473020,+3.52,+16.179, +8.023,+0.966
1628473620,+3.52,+16.170, +7.968,+0.966
1628474220,+3.52,+16.162, +7.930,+0.966
1628474820,+3.52,+16.128, +7.889,+0.966
1628475420,+3.52,+16.145, +7.834,+0.966
1628476020,+3.52,+16.162, +7.787,+0.966
1628476620,+3.52,+16.153, +7.757,+0.967
1628477220,+3.52,+16.136, +7.713,+0.966
1628477820,+3.52,+16.136, +7.670,+0.966
1628478420,+3.52,+16.128, +7.641,+0.966
1628479020,+3.52,+16.153, +7.604,+0.966
1628479620,+3.52,+16.136, +7.562,+0.965
1628480220,+3.52,+16.102, +7.553,+0.967
1628480820,+3.52,+16.136, +7.505,+0.966
1628481420,+3.52,+16.136, +7.479,+0.966
1628482020,+3.52,+16.136, +7.450,+0.966
1628482620,+3.52,+16.136, +7.422,+0.966
1628483220,+3.52,+16.136, +7.399,+0.966
1628483820,+3.52,+16.128, +7.375,+0.966
1628484420,+3.52,+16.136, +7.348,+0.966
1628485020,+3.52,+16.128, +7.328,+0.966
1628485620,+3.52,+16.136, +7.303,+0.966
1628486220,+3.52,+16.119, +7.290,+0.966
1628486820,+3.52,+16.128, +7.265,+0.966
1628487420,+3.52,+16.119, +7.245,+0.966
1628488020,+3.52,+16.136, +7.229,+0.966
1628488620,+3.52,+16.128, +7.207,+0.966
1628489220,+3.52,+16.111, +7.196,+0.966
1628489820,+3.52,+16.136, +7.170,+0.966
1628490420,+3.52,+16.119, +7.159,+0.966
1628491020,+3.52,+16.119, +7.146,+0.966
1628491620,+3.52,+16.111, +7.135,+0.966
1628492220,+3.52,+16.111, +7.117,+0.966
1628492820,+3.52,+16.111, +7.104,+0.966
1628493420,+3.52,+16.111, +7.090,+0.966
1628494020,+3.52,+16.119, +7.071,+0.966
1628494620,+3.52,+16.128, +7.061,+0.966
1628495220,+3.52,+16.128, +7.049,+0.966
1628495820,+3.52,+16.119, +7.041,+0.966
1628496420,+3.52,+16.128, +7.027,+0.966
1628497020,+3.52,+16.102, +7.027,+0.966
1628497620,+3.52,+16.111, +7.010,+0.966
1628498220,+3.52,+16.128, +6.995,+0.966
1628498820,+3.52,+16.119, +6.992,+0.966
1628499420,+3.52,+16.128, +6.981,+0.966
1628500020,+3.52,+16.119, +6.974,+0.966
1628500620,+3.52,+16.111, +6.965,+0.966
1628501220,+3.52,+16.111, +6.960,+0.966
1628501820,+3.52,+16.111, +6.953,+0.966
1628502420,+3.52,+16.102, +6.953,+0.967
1628503020,+3.52,+16.111, +6.938,+0.966
1628503620,+3.52,+16.119, +6.930,+0.966
1628504220,+3.52,+16.111, +6.923,+0.966
1628504820,+3.52,+16.128, +6.911,+0.966
1628505420,+3.52,+16.136, +6.914,+0.967
1628506020,+3.52,+16.119, +6.911,+0.967
1628506620,+3.52,+16.119, +6.901,+0.966
1628507220,+3.52,+16.119, +6.891,+0.966
1628507820,+3.52,+16.111, +6.889,+0.966
1628508420,+3.52,+16.119, +6.890,+0.967
1628509020,+3.52,+16.119, +6.883,+0.967
1628509620,+3.52,+16.111, +6.873,+0.966
1628510220,+3.52,+16.128, +6.867,+0.966
1628510820,+3.52,+16.119, +6.863,+0.966
1628511420,+3.52,+16.111, +6.861,+0.966
1628512020,+3.52,+16.111, +6.866,+0.966
1628512620,+3.52,+16.136, +6.861,+0.966
1628513220,+3.52,+16.153, +6.875,+0.967
1628513820,+3.52,+16.162, +6.872,+0.966
1628514420,+3.52,+16.179, +6.879,+0.966
1628515020,+3.52,+16.205, +6.875,+0.966
1628515620,+3.52,+16.230, +6.915,+0.966
1628516220,+3.52,+16.264, +6.970,+0.966
1628516820,+3.52,+16.264, +7.026,+0.966
1628517420,+3.52,+16.281, +7.092,+0.966
1628518020,+3.52,+16.264, +7.146,+0.966
1628518620,+3.52,+16.264, +7.198,+0.966
1628519220,+3.52,+16.239, +7.245,+0.966
1628519820,+3.52,+16.247, +7.298,+0.966
1628520420,+3.52,+16.247, +7.347,+0.966
1628521020,+3.52,+16.273, +7.380,+0.966
1628521620,+3.52,+16.239, +7.431,+0.966
1628522220,+3.52,+16.239, +7.467,+0.966
1628522820,+3.52,+16.247, +7.509,+0.966
1628523420,+3.52,+16.230, +7.555,+0.966
1628524020,+3.52,+16.222, +7.588,+0.966
1628524620,+3.52,+16.230, +7.619,+0.966
