7450-567371
OS REV: 1.05 Sensor Cal: 1617727950
Time (sec),  BV (Volts),  T (deg C),  DO (mg/l),  Q ()
1630268160,+3.52,+16.145, +8.063,+0.960
1630268760,+3.52,+16.111, +8.075,+0.961
1630269360,+3.52,+16.128, +8.070,+0.961
1630269960,+3.52,+16.136, +8.068,+0.961
1630270560,+3.52,+16.136, +8.072,+0.961
1630271160,+3.52,+16.128, +8.073,+0.961
1630271760,+3.52,+16.102, +8.081,+0.961
1630272360,+3.52,+16.119, +8.081,+0.961
1630272960,+3.52,+16.136, +8.069,+0.961
1630273560,+3.52,+16.119, +8.077,+0.961
1630274160,+3.52,+16.136, +8.069,+0.961
1630274760,+3.52,+16.111, +8.080,+0.961
1630275360,+3.52,+16.136, +8.071,+0.961
1630275960,+3.52,+16.136, +8.066,+0.961
1630276560,+3.52,+16.128, +8.067,+0.961
1630277160,+3.52,+16.119, +8.068,+0.961
1630277760,+3.52,+16.128, +8.063,+0.961
1630278360,+3.52,+16.128, +8.059,+0.961
1630278960,+3.52,+16.128, +8.060,+0.961
1630279560,+3.52,+16.102, +8.066,+0.961
1630280160,+3.52,+16.119, +8.058,+0.961
1630280760,+3.52,+16.119, +8.057,+0.961
1630281360,+3.52,+16.128, +8.059,+0.961
1630281960,+3.52,+16.102, +8.064,+0.961
1630282560,+3.52,+16.111, +8.049,+0.960
1630283160,+3.52,+16.128, +8.049,+0.961
1630283760,+3.52,+16.094, +8.052,+0.961
1630284360,+3.52,+16.119, +8.036,+0.961
1630284960,+3.52,+16.111, +7.980,+0.961
1630285560,+3.52,+16.094, +7.928,+0.961
1630286160,+3.52,+16.068, +7.894,+0.961
1630286760,+3.52,+16.077, +7.847,+0.961
1630287360,+3.52,+16.085, +7.798,+0.961
1630287960,+3.52,+16.060, +7.771,+0.961
1630288560,+3.52,+16.042, +7.742,+0.961
1630289160,+3.52,+16.051, +7.706,+0.961
1630289760,+3.52,+16.042, +7.682,+0.961
1630290360,+3.52,+16.034, +7.660,+0.961
1630290960,+3.52,+16.034, +7.632,+0.961
1630291560,+3.52,+16.042, +7.612,+0.961
1630292160,+3.52,+16.051, +7.591,+0.961
1630292760,+3.52,+16.042, +7.575,+0.961
1630293360,+3.52,+16.034, +7.563,+0.961
1630293960,+3.52,+16.042, +7.550,+0.961
1630294560,+3.52,+16.042, +7.530,+0.961
1630295160,+3.52,+16.025, +7.529,+0.961
1630295760,+3.52,+16.042, +7.511,+0.961
1630296360,+3.52,+16.017, +7.514,+0.961
1630296960,+3.52,+16.042, +7.486,+0.961
1630297560,+3.52,+16.017, +7.489,+0.961
1630298160,+3.52,+16.025, +7.492,+0.962
1630298760,+3.52,+16.034, +7.471,+0.961
1630299360,+3.52,+16.034, +7.470,+0.961
1630299960,+3.52,+16.025, +7.466,+0.961
1630300560,+3.52,+16.025, +7.464,+0.961
1630301160,+3.52,+16.042, +7.443,+0.961
1630301760,+3.52,+16.034, +7.445,+0.961
1630302360,+3.52,+16.025, +7.439,+0.961
1630302960,+3.52,+16.017, +7.440,+0.961
1630303560,+3.52,+16.042, +7.433,+0.961
1630304160,+3.52,+16.034, +7.432,+0.961
1630304760,+3.52,+16.025, +7.422,+0.961
1630305360,+3.52,+16.034, +7.421,+0.961
1630305960,+3.52,+16.025, +7.421,+0.961
1630306560,+3.52,+16.025, +7.418,+0.961
1630307160,+3.52,+16.025, +7.415,+0.961
1630307760,+3.52,+16.025, +7.412,+0.961
1630308360,+3.52,+16.017, +7.412,+0.961
1630308960,+3.52,+16.025, +7.412,+0.961
1630309560,+3.52,+16.034, +7.401,+0.961
1630310160,+3.52,+16.017, +7.407,+0.961
1630310760,+3.52,+16.042, +7.399,+0.961
1630311360,+3.52,+16.008, +7.405,+0.961
1630311960,+3.52,+16.034, +7.396,+0.961
1630312560,+3.52,+16.025, +7.399,+0.961
1630313160,+3.52,+16.025, +7.399,+0.961
1630313760,+3.52,+16.025, +7.394,+0.961
1630314360,+3.52,+16.034, +7.401,+0.962
1630314960,+3.52,+16.000, +7.406,+0.961
1630315560,+3.52,+16.034, +7.400,+0.961
1630316160,+3.52,+16.025, +7.393,+0.961
1630316760,+3.52,+16.025, +7.398,+0.961
1630317360,+3.52,+16.017, +7.396,+0.961
1630317960,+3.52,+16.034, +7.401,+0.961
1630318560,+3.52,+16.008, +7.407,+0.961
1630319160,+3.52,+16.034, +7.397,+0.961
1630319760,+3.52,+16.017, +7.407,+0.961
1630320360,+3.52,+16.042, +7.397,+0.961
1630320960,+3.52,+16.025, +7.400,+0.961
1630321560,+3.52,+16.034, +7.403,+0.961
1630322160,+3.52,+16.017, +7.406,+0.961
1630322760,+3.52,+16.017, +7.405,+0.961
1630323360,+3.52,+16.025, +7.405,+0.961
1630323960,+3.52,+16.008, +7.410,+0.961
1630324560,+3.52,+16.034, +7.403,+0.961
1630325160,+3.52,+16.025, +7.412,+0.961
1630325760,+3.52,+16.025, +7.410,+0.961
1630326360,+3.52,+16.025, +7.410,+0.961
1630326960,+3.52,+16.025, +7.416,+0.961
1630327560,+3.52,+16.017, +7.416,+0.961
1630328160,+3.52,+16.008, +7.446,+0.961
1630328760,+3.52,+16.025, +7.493,+0.961
1630329360,+3.52,+16.034, +7.544,+0.961
1630329960,+3.52,+16.068, +7.578,+0.961
1630330560,+3.52,+16.060, +7.619,+0.961
1630331160,+3.52,+16.085, +7.650,+0.961
1630331760,+3.52,+16.077, +7.689,+0.961
1630332360,+3.52,+16.068, +7.729,+0.961
1630332960,+3.52,+16.094, +7.743,+0.961
1630333560,+3.52,+16.077, +7.774,+0.961
1630334160,+3.52,+16.094, +7.799,+0.961
1630334760,+3.52,+16.111, +7.815,+0.961
1630335360,+3.52,+16.094, +7.840,+0.961
1630335960,+3.52,+16.111, +7.848,+0.961
1630336560,+3.52,+16.102, +7.871,+0.961
1630337160,+3.52,+16.128, +7.883,+0.961
1630337760,+3.52,+16.102, +7.901,+0.961
1630338360,+3.52,+16.111, +7.907,+0.961
1630338960,+3.52,+16.136, +7.911,+0.961
1630339560,+3.52,+16.111, +7.929,+0.961
1630340160,+3.52,+16.119, +7.927,+0.960
1630340760,+3.52,+16.119, +7.941,+0.961
1630341360,+3.52,+16.136, +7.943,+0.960
1630341960,+3.52,+16.111, +7.956,+0.961
1630342560,+3.52,+16.128, +7.956,+0.961
1630343160,+3.52,+16.102, +7.961,+0.960
1630343760,+3.52,+16.128, +7.961,+0.960
1630344360,+3.52,+16.119, +7.967,+0.960
1630344960,+3.52,+16.119, +7.987,+0.961
1630345560,+3.52,+16.119, +7.979,+0.961
1630346160,+3.52,+16.111, +7.992,+0.961
1630346760,+3.52,+16.136, +7.982,+0.961
1630347360,+3.52,+16.119, +7.980,+0.960
1630347960,+3.52,+16.119, +7.990,+0.961
1630348560,+3.52,+16.145, +7.994,+0.961
1630349160,+3.52,+16.119, +7.991,+0.961
1630349760,+3.52,+16.102, +7.998,+0.961
1630350360,+3.52,+16.128, +7.997,+0.961
1630350960,+3.52,+16.119, +7.989,+0.960
1630351560,+3.52,+16.119, +8.000,+0.961
1630352160,+3.52,+16.145, +7.996,+0.961
1630352760,+3.52,+16.119, +7.993,+0.960
1630353360,+3.52,+16.119, +7.993,+0.960
1630353960,+3.52,+16.119, +7.994,+0.960
1630354560,+3.52,+16.136, +7.985,+0.960
