7450-739125
OS REV: 1.05 Sensor Cal: 1617727308
Time (sec),  BV (Volts),  T (deg C),  DO (mg/l),  Q ()
1630879980,+3.52,+16.110, +7.958,+0.972
1630880580,+3.52,+16.084, +7.960,+0.972
1630881180,+3.52,+16.084, +7.961,+0.972
1630881780,+3.52,+16.101, +7.954,+0.972
1630882380,+3.52,+16.110, +7.945,+0.971
1630882980,+3.52,+16.093, +7.951,+0.972
1630883580,+3.52,+16.127, +7.943,+0.972
1630884180,+3.52,+16.093, +7.942,+0.971
1630884780,+3.52,+16.076, +7.951,+0.972
1630885380,+3.52,+16.084, +7.945,+0.972
1630885980,+3.52,+16.101, +7.941,+0.972
1630886580,+3.52,+16.084, +7.940,+0.971
1630887180,+3.52,+16.101, +7.943,+0.972
1630887780,+3.52,+16.084, +7.935,+0.972
1630888380,+3.52,+16.084, +7.925,+0.971
1630888980,+3.53,+16.084, +7.934,+0.972
1630889580,+3.52,+16.093, +7.848,+0.971
1630890180,+3.53,+16.076, +7.784,+0.971
1630890780,+3.53,+16.050, +7.734,+0.972
1630891380,+3.53,+16.050, +7.682,+0.972
1630891980,+3.52,+16.050, +7.627,+0.971
1630892580,+3.53,+16.033, +7.600,+0.972
1630893180,+3.53,+16.042, +7.563,+0.971
1630893780,+3.53,+16.025, +7.542,+0.972
1630894380,+3.52,+16.016, +7.517,+0.972
1630894980,+3.53,+16.033, +7.500,+0.972
1630895580,+3.53,+16.008, +7.490,+0.972
1630896180,+3.53,+16.008, +7.472,+0.972
1630896780,+3.53,+15.999, +7.459,+0.972
1630897380,+3.53,+15.999, +7.444,+0.972
1630897980,+3.52,+16.008, +7.441,+0.972
1630898580,+3.53,+16.008, +7.434,+0.972
1630899180,+3.52,+16.008, +7.429,+0.972
1630899780,+3.53,+15.999, +7.427,+0.972
1630900380,+3.53,+16.016, +7.410,+0.972
1630900980,+3.53,+16.016, +7.406,+0.972
1630901580,+3.53,+15.999, +7.415,+0.972
1630902180,+3.53,+15.999, +7.402,+0.972
1630902780,+3.53,+15.999, +7.404,+0.972
1630903380,+3.53,+16.016, +7.398,+0.972
1630903980,+3.53,+16.008, +7.394,+0.972
1630904580,+3.53,+15.999, +7.387,+0.971
1630905180,+3.53,+15.999, +7.405,+0.972
1630905780,+3.53,+16.008, +7.386,+0.971
1630906380,+3.53,+15.991, +7.401,+0.972
1630906980,+3.53,+15.999, +7.393,+0.972
1630907580,+3.53,+15.982, +7.397,+0.972
1630908180,+3.53,+15.991, +7.391,+0.971
1630908780,+3.53,+15.999, +7.393,+0.972
1630909380,+3.53,+15.999, +7.388,+0.972
1630909980,+3.53,+16.016, +7.386,+0.972
1630910580,+3.53,+15.991, +7.399,+0.972
1630911180,+3.53,+16.016, +7.384,+0.972
1630911780,+3.53,+15.999, +7.388,+0.972
1630912380,+3.53,+16.008, +7.390,+0.972
1630912980,+3.53,+15.999, +7.384,+0.971
1630913580,+3.53,+15.991, +7.393,+0.972
1630914180,+3.53,+15.999, +7.391,+0.972
1630914780,+3.53,+16.016, +7.384,+0.971
1630915380,+3.53,+15.991, +7.393,+0.972
1630915980,+3.53,+16.008, +7.386,+0.972
1630916580,+3.53,+16.008, +7.388,+0.972
1630917180,+3.53,+15.999, +7.387,+0.972
1630917780,+3.53,+15.999, +7.392,+0.972
1630918380,+3.53,+15.999, +7.384,+0.972
1630918980,+3.53,+15.999, +7.395,+0.972
1630919580,+3.53,+16.008, +7.396,+0.972
1630920180,+3.53,+15.999, +7.392,+0.972
1630920780,+3.53,+15.999, +7.386,+0.971
1630921380,+3.53,+16.008, +7.384,+0.972
1630921980,+3.53,+15.999, +7.399,+0.972
1630922580,+3.53,+15.999, +7.392,+0.972
1630923180,+3.53,+15.982, +7.397,+0.972
1630923780,+3.53,+16.016, +7.389,+0.972
1630924380,+3.52,+15.999, +7.396,+0.972
1630924980,+3.53,+15.991, +7.390,+0.971
1630925580,+3.53,+16.025, +7.386,+0.972
1630926180,+3.53,+16.008, +7.391,+0.972
1630926780,+3.53,+15.999, +7.409,+0.973
1630927380,+3.53,+15.982, +7.400,+0.972
1630927980,+3.53,+15.982, +7.398,+0.971
1630928580,+3.53,+15.999, +7.397,+0.972
1630929180,+3.53,+15.999, +7.403,+0.972
1630929780,+3.53,+15.999, +7.401,+0.972
1630930380,+3.53,+15.982, +7.399,+0.972
1630930980,+3.53,+15.999, +7.400,+0.972
1630931580,+3.53,+15.999, +7.400,+0.972
1630932180,+3.53,+15.999, +7.402,+0.972
1630932780,+3.53,+15.982, +7.423,+0.972
1630933380,+3.53,+16.016, +7.482,+0.972
1630933980,+3.53,+16.016, +7.549,+0.971
1630934580,+3.53,+16.033, +7.594,+0.971
1630935180,+3.53,+16.016, +7.662,+0.972
1630935780,+3.53,+16.042, +7.697,+0.972
1630936380,+3.53,+16.050, +7.726,+0.971
1630936980,+3.53,+16.059, +7.764,+0.972
1630937580,+3.53,+16.050, +7.787,+0.972
1630938180,+3.53,+16.059, +7.805,+0.972
1630938780,+3.53,+16.050, +7.828,+0.971
1630939380,+3.53,+16.076, +7.843,+0.971
1630939980,+3.53,+16.067, +7.862,+0.972
1630940580,+3.53,+16.067, +7.883,+0.972
1630941180,+3.52,+16.084, +7.880,+0.972
1630941780,+3.52,+16.093, +7.889,+0.972
1630942380,+3.53,+16.084, +7.907,+0.972
1630942980,+3.53,+16.101, +7.906,+0.972
1630943580,+3.53,+16.101, +7.902,+0.971
1630944180,+3.53,+16.076, +7.927,+0.972
1630944780,+3.53,+16.101, +7.930,+0.972
1630945380,+3.53,+16.084, +7.930,+0.971
1630945980,+3.53,+16.093, +7.932,+0.972
1630946580,+3.52,+16.101, +7.929,+0.971
1630947180,+3.53,+16.110, +7.934,+0.971
1630947780,+3.53,+16.110, +7.939,+0.972
1630948380,+3.53,+16.101, +7.944,+0.972
1630948980,+3.52,+16.076, +7.950,+0.971
1630949580,+3.52,+16.119, +7.938,+0.971
1630950180,+3.53,+16.084, +7.953,+0.972
1630950780,+3.53,+16.101, +7.951,+0.971
1630951380,+3.52,+16.110, +7.960,+0.972
1630951980,+3.53,+16.093, +7.948,+0.971
1630952580,+3.53,+16.110, +7.954,+0.972
1630953180,+3.52,+16.110, +7.958,+0.972
1630953780,+3.52,+16.110, +7.952,+0.972
1630954380,+3.53,+16.101, +7.961,+0.972
1630954980,+3.53,+16.093, +7.963,+0.972
1630955580,+3.53,+16.093, +7.953,+0.971
1630956180,+3.53,+16.101, +7.959,+0.972
1630956780,+3.53,+16.093, +7.961,+0.972
1630957380,+3.53,+16.101, +7.958,+0.971
1630957980,+3.53,+16.101, +7.953,+0.971
1630958580,+3.53,+16.119, +7.954,+0.971
1630959180,+3.52,+16.119, +7.956,+0.972
1630959780,+3.52,+16.101, +7.966,+0.972
1630960380,+3.52,+16.101, +7.965,+0.972
1630960980,+3.53,+16.093, +7.965,+0.972
1630961580,+3.53,+16.093, +7.960,+0.972
1630962180,+3.53,+16.093, +7.966,+0.972
1630962780,+3.53,+16.093, +7.966,+0.972
1630963380,+3.53,+16.084, +7.969,+0.972
1630963980,+3.53,+16.093, +7.957,+0.971
1630964580,+3.52,+16.110, +7.950,+0.972
1630965180,+3.53,+16.101, +7.947,+0.971
1630965780,+3.53,+16.110, +7.946,+0.971
1630966380,+3.53,+16.119, +7.945,+0.971
