7450-739125
OS REV: 1.05 Sensor Cal: 1617727308
Time (sec),  BV (Volts),  T (deg C),  DO (mg/l),  Q ()
1630354080,+3.52,+16.144, +7.962,+0.971
1630354680,+3.52,+16.144, +7.960,+0.971
1630355280,+3.52,+16.144, +7.955,+0.971
1630355880,+3.52,+16.144, +7.947,+0.971
1630356480,+3.52,+16.127, +7.955,+0.971
1630357080,+3.52,+16.280, +7.951,+0.971
1630357680,+3.52,+16.263, +7.943,+0.970
1630358280,+3.52,+16.212, +7.948,+0.971
1630358880,+3.52,+16.178, +7.952,+0.971
1630359480,+3.52,+16.178, +7.941,+0.971
1630360080,+3.52,+16.170, +7.942,+0.971
1630360680,+3.52,+16.161, +7.941,+0.971
1630361280,+3.52,+16.153, +7.928,+0.970
1630361880,+3.53,+16.144, +7.935,+0.970
1630362480,+3.52,+16.136, +7.935,+0.971
1630363080,+3.52,+16.101, +7.940,+0.971
1630363680,+3.52,+16.136, +7.945,+0.971
1630364280,+3.52,+16.110, +7.943,+0.971
1630364880,+3.53,+16.110, +7.935,+0.971
1630365480,+3.52,+16.110, +7.943,+0.971
1630366080,+3.52,+16.110, +7.937,+0.971
1630366680,+3.53,+16.101, +7.932,+0.971
1630367280,+3.52,+16.101, +7.941,+0.971
1630367880,+3.52,+16.101, +7.929,+0.970
1630368480,+3.53,+16.093, +7.932,+0.971
1630369080,+3.53,+16.119, +7.921,+0.970
1630369680,+3.52,+16.101, +7.904,+0.970
1630370280,+3.53,+16.119, +7.889,+0.971
1630370880,+3.53,+16.101, +7.830,+0.971
1630371480,+3.53,+16.076, +7.762,+0.971
1630372080,+3.53,+16.076, +7.683,+0.971
1630372680,+3.53,+16.067, +7.629,+0.971
1630373280,+3.53,+16.067, +7.574,+0.971
1630373880,+3.53,+16.050, +7.531,+0.971
1630374480,+3.53,+16.042, +7.498,+0.971
1630375080,+3.53,+16.033, +7.462,+0.971
1630375680,+3.53,+16.042, +7.440,+0.971
1630376280,+3.53,+16.033, +7.426,+0.971
1630376880,+3.53,+16.025, +7.405,+0.971
1630377480,+3.53,+16.008, +7.402,+0.971
1630378080,+3.53,+16.016, +7.392,+0.971
1630378680,+3.53,+16.016, +7.383,+0.971
1630379280,+3.53,+16.008, +7.377,+0.971
1630379880,+3.53,+16.008, +7.375,+0.971
1630380480,+3.53,+16.008, +7.376,+0.971
1630381080,+3.53,+16.008, +7.369,+0.971
1630381680,+3.53,+15.999, +7.364,+0.971
1630382280,+3.53,+16.016, +7.367,+0.971
1630382880,+3.53,+16.008, +7.366,+0.971
1630383480,+3.53,+16.008, +7.368,+0.971
1630384080,+3.53,+16.016, +7.362,+0.971
1630384680,+3.53,+16.033, +7.357,+0.971
1630385280,+3.53,+16.016, +7.369,+0.971
1630385880,+3.53,+16.033, +7.359,+0.971
1630386480,+3.53,+16.025, +7.366,+0.971
1630387080,+3.53,+16.033, +7.365,+0.971
1630387680,+3.53,+16.016, +7.368,+0.971
1630388280,+3.53,+16.025, +7.369,+0.971
1630388880,+3.53,+16.016, +7.370,+0.971
1630389480,+3.53,+16.008, +7.370,+0.971
1630390080,+3.53,+16.033, +7.371,+0.971
1630390680,+3.53,+16.025, +7.370,+0.971
1630391280,+3.53,+16.008, +7.376,+0.971
1630391880,+3.53,+16.050, +7.365,+0.971
1630392480,+3.53,+16.050, +7.370,+0.971
1630393080,+3.53,+16.016, +7.372,+0.971
1630393680,+3.53,+16.042, +7.368,+0.971
1630394280,+3.53,+16.016, +7.375,+0.971
1630394880,+3.53,+16.042, +7.374,+0.971
1630395480,+3.53,+16.033, +7.378,+0.971
1630396080,+3.53,+16.025, +7.376,+0.971
1630396680,+3.53,+16.008, +7.378,+0.971
1630397280,+3.53,+16.050, +7.372,+0.971
1630397880,+3.53,+16.016, +7.379,+0.971
1630398480,+3.53,+16.033, +7.376,+0.971
1630399080,+3.53,+16.025, +7.385,+0.971
1630399680,+3.53,+16.033, +7.383,+0.971
1630400280,+3.53,+16.050, +7.370,+0.971
1630400880,+3.53,+16.025, +7.379,+0.971
1630401480,+3.53,+16.042, +7.378,+0.971
1630402080,+3.53,+16.016, +7.380,+0.971
1630402680,+3.53,+16.025, +7.382,+0.971
1630403280,+3.53,+16.042, +7.377,+0.971
1630403880,+3.53,+16.025, +7.381,+0.971
1630404480,+3.53,+16.025, +7.381,+0.971
1630405080,+3.53,+16.033, +7.381,+0.971
1630405680,+3.53,+16.033, +7.382,+0.971
1630406280,+3.53,+16.042, +7.381,+0.971
1630406880,+3.53,+16.025, +7.386,+0.971
1630407480,+3.53,+16.025, +7.382,+0.971
1630408080,+3.53,+16.033, +7.381,+0.971
1630408680,+3.53,+16.025, +7.395,+0.971
1630409280,+3.53,+16.016, +7.385,+0.971
1630409880,+3.53,+16.016, +7.386,+0.971
1630410480,+3.53,+16.033, +7.388,+0.971
1630411080,+3.53,+16.016, +7.389,+0.971
1630411680,+3.53,+16.025, +7.386,+0.971
1630412280,+3.53,+16.042, +7.383,+0.971
1630412880,+3.53,+16.008, +7.396,+0.971
1630413480,+3.53,+16.025, +7.380,+0.970
1630414080,+3.53,+16.016, +7.393,+0.971
1630414680,+3.53,+16.016, +7.468,+0.971
1630415280,+3.53,+16.025, +7.528,+0.971
1630415880,+3.53,+16.042, +7.580,+0.971
1630416480,+3.53,+16.050, +7.622,+0.971
1630417080,+3.53,+16.067, +7.665,+0.971
1630417680,+3.53,+16.059, +7.702,+0.971
1630418280,+3.53,+16.059, +7.731,+0.971
1630418880,+3.53,+16.059, +7.762,+0.971
1630419480,+3.53,+16.084, +7.771,+0.971
1630420080,+3.53,+16.084, +7.796,+0.971
1630420680,+3.53,+16.093, +7.803,+0.971
1630421280,+3.53,+16.093, +7.825,+0.971
1630421880,+3.53,+16.076, +7.834,+0.971
1630422480,+3.53,+16.084, +7.846,+0.971
1630423080,+3.53,+16.093, +7.853,+0.971
1630423680,+3.52,+16.084, +7.866,+0.971
1630424280,+3.53,+16.093, +7.859,+0.970
1630424880,+3.53,+16.110, +7.869,+0.971
1630425480,+3.53,+16.101, +7.878,+0.971
1630426080,+3.53,+16.110, +7.883,+0.971
1630426680,+3.53,+16.110, +7.873,+0.970
1630427280,+3.53,+16.110, +7.880,+0.970
1630427880,+3.53,+16.093, +7.892,+0.971
1630428480,+3.53,+16.119, +7.886,+0.971
1630429080,+3.52,+16.119, +7.888,+0.971
1630429680,+3.53,+16.119, +7.893,+0.971
1630430280,+3.53,+16.101, +7.893,+0.971
1630430880,+3.53,+16.136, +7.887,+0.971
1630431480,+3.53,+16.119, +7.892,+0.971
1630432080,+3.53,+16.110, +7.897,+0.971
1630432680,+3.53,+16.127, +7.888,+0.970
1630433280,+3.53,+16.119, +7.890,+0.971
1630433880,+3.53,+16.127, +7.884,+0.971
1630434480,+3.53,+16.127, +7.886,+0.971
1630435080,+3.53,+16.119, +7.876,+0.970
1630435680,+3.53,+16.119, +7.888,+0.971
1630436280,+3.53,+16.110, +7.882,+0.970
1630436880,+3.53,+16.136, +7.891,+0.971
1630437480,+3.53,+16.110, +7.895,+0.971
1630438080,+3.53,+16.119, +7.889,+0.970
1630438680,+3.53,+16.101, +7.914,+0.971
1630439280,+3.53,+16.101, +7.910,+0.971
1630439880,+3.53,+16.101, +7.911,+0.971
1630440480,+3.53,+16.084, +7.911,+0.971
