7450-739125
OS REV: 1.05 Sensor Cal: 1617727308
Time (sec),  BV (Volts),  T (deg C),  DO (mg/l),  Q ()
1628960100,+3.52,+16.195, +7.937,+0.975
1628960700,+3.52,+16.195, +7.930,+0.975
1628961300,+3.52,+16.187, +7.935,+0.975
1628961900,+3.52,+16.238, +7.907,+0.975
1628962500,+3.52,+16.255, +7.902,+0.975
1628963100,+3.52,+16.306, +7.888,+0.975
1628963700,+3.52,+16.306, +7.884,+0.975
1628964300,+3.52,+16.323, +7.881,+0.975
1628964900,+3.52,+16.332, +7.873,+0.975
1628965500,+3.52,+16.340, +7.862,+0.975
1628966100,+3.52,+16.349, +7.851,+0.975
1628966700,+3.52,+16.366, +7.846,+0.975
1628967300,+3.52,+16.366, +7.840,+0.975
1628967900,+3.52,+16.374, +7.844,+0.976
1628968500,+3.52,+16.366, +7.835,+0.975
1628969100,+3.52,+16.383, +7.826,+0.975
1628969700,+3.52,+16.374, +7.820,+0.975
1628970300,+3.52,+16.366, +7.826,+0.975
1628970900,+3.52,+16.366, +7.818,+0.975
1628971500,+3.52,+16.366, +7.815,+0.975
1628972100,+3.52,+16.357, +7.817,+0.975
1628972700,+3.52,+16.357, +7.809,+0.975
1628973300,+3.52,+16.357, +7.808,+0.975
1628973900,+3.52,+16.366, +7.801,+0.975
1628974500,+3.52,+16.357, +7.805,+0.975
1628975100,+3.52,+16.349, +7.797,+0.975
1628975700,+3.52,+16.357, +7.799,+0.975
1628976300,+3.52,+16.332, +7.797,+0.975
1628976900,+3.52,+16.340, +7.795,+0.975
1628977500,+3.52,+16.349, +7.796,+0.975
1628978100,+3.52,+16.340, +7.791,+0.975
1628978700,+3.52,+16.340, +7.787,+0.975
1628979300,+3.52,+16.332, +7.798,+0.975
1628979900,+3.52,+16.323, +7.789,+0.975
1628980500,+3.52,+16.340, +7.787,+0.975
1628981100,+3.52,+16.332, +7.788,+0.975
1628981700,+3.52,+16.332, +7.782,+0.975
1628982300,+3.52,+16.263, +7.802,+0.975
1628982900,+3.52,+16.263, +7.806,+0.975
1628983500,+3.53,+16.221, +7.827,+0.975
1628984100,+3.53,+16.195, +7.837,+0.975
1628984700,+3.53,+16.170, +7.842,+0.975
1628985300,+3.52,+16.204, +7.846,+0.975
1628985900,+3.53,+16.187, +7.861,+0.976
1628986500,+3.53,+16.204, +7.866,+0.975
1628987100,+3.53,+16.187, +7.876,+0.975
1628987700,+3.52,+16.204, +7.873,+0.975
1628988300,+3.52,+16.187, +7.873,+0.975
1628988900,+3.53,+16.187, +7.826,+0.975
1628989500,+3.53,+16.170, +7.790,+0.975
1628990100,+3.53,+16.195, +7.741,+0.975
1628990700,+3.53,+16.161, +7.708,+0.975
1628991300,+3.53,+16.144, +7.680,+0.975
1628991900,+3.52,+16.178, +7.647,+0.975
1628992500,+3.53,+16.204, +7.617,+0.975
1628993100,+3.53,+16.187, +7.591,+0.975
1628993700,+3.53,+16.204, +7.576,+0.975
1628994300,+3.53,+16.187, +7.562,+0.975
1628994900,+3.52,+16.212, +7.541,+0.975
1628995500,+3.53,+16.204, +7.534,+0.975
1628996100,+3.53,+16.204, +7.510,+0.975
1628996700,+3.52,+16.229, +7.510,+0.975
1628997300,+3.53,+16.195, +7.506,+0.975
1628997900,+3.52,+16.229, +7.498,+0.975
1628998500,+3.53,+16.178, +7.500,+0.975
1628999100,+3.53,+16.170, +7.498,+0.975
1628999700,+3.53,+16.195, +7.491,+0.975
1629000300,+3.53,+16.187, +7.492,+0.975
1629000900,+3.52,+16.195, +7.512,+0.976
1629001500,+3.53,+16.178, +7.503,+0.975
1629002100,+3.53,+16.204, +7.504,+0.975
1629002700,+3.53,+16.170, +7.513,+0.975
1629003300,+3.53,+16.212, +7.516,+0.975
1629003900,+3.53,+16.170, +7.512,+0.975
1629004500,+3.53,+16.212, +7.521,+0.975
1629005100,+3.53,+16.170, +7.518,+0.975
1629005700,+3.52,+16.187, +7.528,+0.975
1629006300,+3.52,+16.187, +7.522,+0.975
1629006900,+3.53,+16.153, +7.532,+0.975
1629007500,+3.53,+16.127, +7.535,+0.975
1629008100,+3.53,+16.127, +7.539,+0.975
1629008700,+3.53,+16.119, +7.546,+0.975
1629009300,+3.53,+16.170, +7.538,+0.975
1629009900,+3.53,+16.153, +7.548,+0.975
1629010500,+3.52,+16.187, +7.540,+0.975
1629011100,+3.53,+16.153, +7.546,+0.975
1629011700,+3.53,+16.178, +7.549,+0.975
1629012300,+3.53,+16.161, +7.546,+0.975
1629012900,+3.52,+16.187, +7.544,+0.975
1629013500,+3.53,+16.170, +7.551,+0.975
1629014100,+3.53,+16.170, +7.558,+0.975
1629014700,+3.53,+16.195, +7.541,+0.975
1629015300,+3.53,+16.144, +7.547,+0.975
1629015900,+3.52,+16.204, +7.549,+0.975
1629016500,+3.53,+16.161, +7.552,+0.975
1629017100,+3.52,+16.195, +7.551,+0.975
1629017700,+3.53,+16.178, +7.552,+0.975
1629018300,+3.53,+16.204, +7.553,+0.975
1629018900,+3.52,+16.204, +7.545,+0.975
1629019500,+3.53,+16.204, +7.547,+0.975
1629020100,+3.53,+16.195, +7.541,+0.975
1629020700,+3.53,+16.161, +7.557,+0.975
1629021300,+3.53,+16.204, +7.544,+0.974
1629021900,+3.53,+16.161, +7.545,+0.975
1629022500,+3.53,+16.204, +7.557,+0.975
1629023100,+3.53,+16.170, +7.552,+0.975
1629023700,+3.52,+16.212, +7.555,+0.975
1629024300,+3.53,+16.195, +7.546,+0.975
1629024900,+3.53,+16.204, +7.555,+0.975
1629025500,+3.53,+16.187, +7.555,+0.975
1629026100,+3.53,+16.187, +7.561,+0.975
1629026700,+3.53,+16.187, +7.558,+0.975
1629027300,+3.53,+16.221, +7.557,+0.975
1629027900,+3.53,+16.178, +7.555,+0.975
1629028500,+3.53,+16.221, +7.552,+0.975
1629029100,+3.53,+16.178, +7.562,+0.975
1629029700,+3.52,+16.238, +7.548,+0.975
1629030300,+3.53,+16.204, +7.554,+0.975
1629030900,+3.52,+16.221, +7.562,+0.975
1629031500,+3.53,+16.195, +7.553,+0.975
1629032100,+3.53,+16.229, +7.581,+0.975
1629032700,+3.52,+16.204, +7.634,+0.975
1629033300,+3.52,+16.238, +7.668,+0.975
1629033900,+3.52,+16.204, +7.714,+0.975
1629034500,+3.52,+16.238, +7.748,+0.975
1629035100,+3.52,+16.204, +7.776,+0.975
1629035700,+3.52,+16.195, +7.802,+0.975
1629036300,+3.52,+16.221, +7.818,+0.975
1629036900,+3.52,+16.238, +7.841,+0.975
1629037500,+3.52,+16.229, +7.851,+0.975
1629038100,+3.52,+16.195, +7.871,+0.975
1629038700,+3.52,+16.238, +7.886,+0.975
1629039300,+3.52,+16.187, +7.891,+0.975
1629039900,+3.53,+16.187, +7.899,+0.975
1629040500,+3.52,+16.221, +7.907,+0.975
1629041100,+3.52,+16.195, +7.908,+0.974
1629041700,+3.53,+16.212, +7.928,+0.975
1629042300,+3.53,+16.229, +7.914,+0.975
1629042900,+3.53,+16.238, +7.924,+0.975
1629043500,+3.52,+16.263, +7.917,+0.975
1629044100,+3.52,+16.289, +7.899,+0.974
1629044700,+3.52,+16.289, +7.894,+0.975
1629045300,+3.52,+16.298, +7.899,+0.975
1629045900,+3.52,+16.323, +7.882,+0.974
1629046500,+3.52,+16.332, +7.885,+0.975
