7450-739125
OS REV: 1.05 Sensor Cal: 1617727308
Time (sec),  BV (Volts),  T (deg C),  DO (mg/l),  Q ()
1628612100,+3.53,+16.918, +7.095,+0.976
1628612700,+3.53,+16.842, +7.126,+0.976
1628613300,+3.53,+16.808, +7.155,+0.977
1628613900,+3.52,+16.774, +7.170,+0.976
1628614500,+3.52,+16.765, +7.188,+0.976
1628615100,+3.52,+16.748, +7.215,+0.976
1628615700,+3.52,+16.714, +7.233,+0.976
1628616300,+3.52,+16.689, +7.262,+0.976
1628616900,+3.52,+16.706, +7.277,+0.976
1628617500,+3.52,+16.680, +7.306,+0.976
1628618100,+3.52,+16.672, +7.321,+0.976
1628618700,+3.52,+16.663, +7.336,+0.976
1628619300,+3.52,+16.663, +7.354,+0.976
1628619900,+3.52,+16.655, +7.372,+0.976
1628620500,+3.52,+16.655, +7.388,+0.976
1628621100,+3.52,+16.638, +7.400,+0.976
1628621700,+3.52,+16.629, +7.412,+0.976
1628622300,+3.52,+16.655, +7.427,+0.976
1628622900,+3.52,+16.629, +7.447,+0.976
1628623500,+3.52,+16.629, +7.454,+0.976
1628624100,+3.52,+16.621, +7.481,+0.976
1628624700,+3.52,+16.621, +7.477,+0.976
1628625300,+3.52,+16.689, +7.416,+0.976
1628625900,+3.52,+16.714, +7.376,+0.976
1628626500,+3.52,+16.757, +7.333,+0.976
1628627100,+3.52,+16.774, +7.305,+0.976
1628627700,+3.53,+16.791, +7.247,+0.976
1628628300,+3.53,+16.799, +7.228,+0.976
1628628900,+3.53,+16.825, +7.194,+0.976
1628629500,+3.53,+16.842, +7.174,+0.976
1628630100,+3.53,+16.816, +7.157,+0.976
1628630700,+3.53,+16.833, +7.147,+0.976
1628631300,+3.53,+16.859, +7.152,+0.976
1628631900,+3.53,+16.893, +7.144,+0.976
1628632500,+3.53,+16.893, +7.153,+0.976
1628633100,+3.53,+16.893, +7.148,+0.976
1628633700,+3.53,+16.884, +7.165,+0.976
1628634300,+3.53,+16.910, +7.155,+0.976
1628634900,+3.53,+16.901, +7.160,+0.976
1628635500,+3.53,+16.910, +7.166,+0.976
1628636100,+3.53,+16.901, +7.163,+0.976
1628636700,+3.53,+16.910, +7.172,+0.976
1628637300,+3.53,+16.893, +7.184,+0.976
1628637900,+3.53,+16.884, +7.186,+0.976
1628638500,+3.53,+16.893, +7.203,+0.976
1628639100,+3.53,+16.901, +7.203,+0.976
1628639700,+3.53,+17.037, +7.207,+0.976
1628640300,+3.53,+17.232, +7.220,+0.976
1628640900,+3.53,+17.333, +7.225,+0.976
1628641500,+3.53,+17.316, +7.226,+0.976
1628642100,+3.53,+17.274, +7.235,+0.976
1628642700,+3.53,+17.215, +7.235,+0.976
1628643300,+3.53,+17.181, +7.187,+0.976
1628643900,+3.53,+17.155, +7.157,+0.976
1628644500,+3.53,+17.138, +7.170,+0.976
1628645100,+3.53,+17.105, +7.132,+0.976
1628645700,+3.53,+17.088, +7.094,+0.976
1628646300,+3.53,+17.037, +7.067,+0.976
1628646900,+3.53,+17.028, +7.029,+0.976
1628647500,+3.53,+16.977, +7.010,+0.976
1628648100,+3.53,+16.935, +6.994,+0.976
1628648700,+3.53,+16.884, +6.979,+0.976
1628649300,+3.53,+16.867, +6.947,+0.975
1628649900,+3.53,+16.850, +6.936,+0.976
1628650500,+3.53,+16.799, +6.917,+0.976
1628651100,+3.52,+16.799, +6.898,+0.976
1628651700,+3.52,+16.765, +6.892,+0.977
1628652300,+3.52,+16.748, +6.874,+0.976
1628652900,+3.52,+16.731, +6.854,+0.976
1628653500,+3.52,+16.714, +6.843,+0.976
1628654100,+3.52,+16.714, +6.825,+0.976
1628654700,+3.52,+16.689, +6.812,+0.976
1628655300,+3.52,+16.680, +6.796,+0.976
1628655900,+3.52,+16.672, +6.792,+0.976
1628656500,+3.52,+16.655, +6.785,+0.976
1628657100,+3.52,+16.638, +6.768,+0.976
1628657700,+3.52,+16.638, +6.760,+0.976
1628658300,+3.52,+16.621, +6.750,+0.976
1628658900,+3.52,+16.621, +6.751,+0.977
1628659500,+3.52,+16.621, +6.740,+0.976
1628660100,+3.52,+16.612, +6.738,+0.976
1628660700,+3.52,+16.612, +6.729,+0.976
1628661300,+3.52,+16.604, +6.731,+0.976
1628661900,+3.52,+16.604, +6.728,+0.976
1628662500,+3.52,+16.604, +6.724,+0.976
1628663100,+3.52,+16.612, +6.716,+0.976
1628663700,+3.52,+16.595, +6.715,+0.976
1628664300,+3.52,+16.595, +6.719,+0.976
1628664900,+3.52,+16.612, +6.711,+0.976
1628665500,+3.52,+16.595, +6.720,+0.977
1628666100,+3.52,+16.595, +6.716,+0.976
1628666700,+3.52,+16.595, +6.719,+0.976
1628667300,+3.52,+16.612, +6.717,+0.976
1628667900,+3.52,+16.604, +6.719,+0.976
1628668500,+3.52,+16.604, +6.716,+0.976
1628669100,+3.52,+16.604, +6.719,+0.976
1628669700,+3.52,+16.604, +6.720,+0.976
1628670300,+3.52,+16.604, +6.721,+0.976
1628670900,+3.52,+16.595, +6.727,+0.976
1628671500,+3.52,+16.604, +6.730,+0.977
1628672100,+3.52,+16.604, +6.726,+0.976
1628672700,+3.52,+16.612, +6.720,+0.976
1628673300,+3.52,+16.604, +6.725,+0.976
1628673900,+3.52,+16.612, +6.726,+0.976
1628674500,+3.52,+16.621, +6.727,+0.976
1628675100,+3.52,+16.621, +6.728,+0.976
1628675700,+3.52,+16.612, +6.725,+0.976
1628676300,+3.52,+16.612, +6.732,+0.976
1628676900,+3.52,+16.621, +6.727,+0.976
1628677500,+3.52,+16.604, +6.730,+0.976
1628678100,+3.52,+16.621, +6.725,+0.976
1628678700,+3.52,+16.612, +6.732,+0.976
1628679300,+3.52,+16.621, +6.726,+0.976
1628679900,+3.52,+16.604, +6.730,+0.976
1628680500,+3.52,+16.612, +6.729,+0.976
1628681100,+3.52,+16.604, +6.736,+0.976
1628681700,+3.52,+16.612, +6.728,+0.976
1628682300,+3.52,+16.621, +6.734,+0.977
1628682900,+3.52,+16.612, +6.726,+0.976
1628683500,+3.52,+16.604, +6.730,+0.976
1628684100,+3.52,+16.621, +6.730,+0.976
1628684700,+3.52,+16.604, +6.738,+0.976
1628685300,+3.52,+16.604, +6.735,+0.976
1628685900,+3.52,+16.578, +6.737,+0.976
1628686500,+3.52,+16.570, +6.758,+0.976
1628687100,+3.52,+16.553, +6.795,+0.976
1628687700,+3.52,+16.544, +6.830,+0.976
1628688300,+3.52,+16.527, +6.869,+0.976
1628688900,+3.52,+16.510, +6.909,+0.976
1628689500,+3.52,+16.493, +6.940,+0.976
1628690100,+3.52,+16.510, +6.973,+0.976
1628690700,+3.52,+16.536, +7.000,+0.976
1628691300,+3.52,+16.536, +7.036,+0.976
1628691900,+3.52,+16.544, +7.072,+0.976
1628692500,+3.52,+16.553, +7.103,+0.976
1628693100,+3.52,+16.527, +7.145,+0.976
1628693700,+3.52,+16.536, +7.137,+0.976
1628694300,+3.52,+16.578, +7.143,+0.976
1628694900,+3.52,+16.604, +7.141,+0.976
1628695500,+3.52,+16.646, +7.129,+0.976
1628696100,+3.52,+16.680, +7.119,+0.976
1628696700,+3.52,+16.706, +7.097,+0.976
1628697300,+3.52,+16.714, +7.098,+0.976
1628697900,+3.52,+16.723, +7.097,+0.976
1628698500,+3.52,+16.799, +7.068,+0.976
