7450-493593
OS REV: 1.05 Sensor Cal: 1617727152
Time (sec),  BV (Volts),  T (deg C),  DO (mg/l),  Q ()
1630876080,+3.51,+16.093, +7.930,+0.979
1630876680,+3.51,+16.085, +7.935,+0.979
1630877280,+3.51,+16.085, +7.929,+0.978
1630877880,+3.51,+16.076, +7.929,+0.978
1630878480,+3.51,+16.076, +7.935,+0.979
1630879080,+3.51,+16.076, +7.928,+0.978
1630879680,+3.51,+16.085, +7.924,+0.978
1630880280,+3.51,+16.076, +7.930,+0.978
1630880880,+3.51,+16.085, +7.925,+0.978
1630881480,+3.51,+16.085, +7.932,+0.979
1630882080,+3.51,+16.076, +7.931,+0.978
1630882680,+3.51,+16.085, +7.921,+0.978
1630883280,+3.51,+16.076, +7.920,+0.978
1630883880,+3.51,+16.076, +7.923,+0.978
1630884480,+3.51,+16.085, +7.923,+0.978
1630885080,+3.51,+16.076, +7.923,+0.978
1630885680,+3.51,+16.067, +7.922,+0.978
1630886280,+3.51,+16.076, +7.916,+0.978
1630886880,+3.51,+16.085, +7.914,+0.978
1630887480,+3.51,+16.076, +7.909,+0.978
1630888080,+3.51,+16.093, +7.913,+0.979
1630888680,+3.51,+16.093, +7.900,+0.978
1630889280,+3.51,+16.059, +7.912,+0.978
1630889880,+3.51,+16.067, +7.849,+0.979
1630890480,+3.51,+16.059, +7.773,+0.978
1630891080,+3.51,+16.067, +7.713,+0.979
1630891680,+3.51,+16.050, +7.661,+0.979
1630892280,+3.51,+16.025, +7.601,+0.978
1630892880,+3.51,+16.025, +7.554,+0.978
1630893480,+3.51,+16.016, +7.522,+0.978
1630894080,+3.51,+16.025, +7.484,+0.979
1630894680,+3.51,+15.991, +7.453,+0.978
1630895280,+3.51,+16.008, +7.420,+0.979
1630895880,+3.51,+16.008, +7.386,+0.978
1630896480,+3.51,+15.991, +7.362,+0.978
1630897080,+3.51,+16.008, +7.334,+0.978
1630897680,+3.51,+15.991, +7.331,+0.979
1630898280,+3.51,+15.982, +7.311,+0.979
1630898880,+3.51,+15.974, +7.297,+0.979
1630899480,+3.51,+15.982, +7.281,+0.979
1630900080,+3.51,+15.974, +7.273,+0.979
1630900680,+3.51,+15.991, +7.256,+0.979
1630901280,+3.51,+15.982, +7.249,+0.979
1630901880,+3.51,+15.965, +7.238,+0.978
1630902480,+3.51,+15.999, +7.232,+0.979
1630903080,+3.51,+15.974, +7.224,+0.979
1630903680,+3.51,+15.982, +7.213,+0.979
1630904280,+3.51,+15.982, +7.214,+0.979
1630904880,+3.51,+15.982, +7.204,+0.979
1630905480,+3.51,+15.999, +7.196,+0.979
1630906080,+3.51,+15.965, +7.207,+0.979
1630906680,+3.51,+15.991, +7.193,+0.979
1630907280,+3.51,+15.982, +7.189,+0.979
1630907880,+3.51,+15.982, +7.190,+0.979
1630908480,+3.51,+15.982, +7.185,+0.979
1630909080,+3.51,+15.991, +7.184,+0.979
1630909680,+3.51,+15.982, +7.186,+0.979
1630910280,+3.51,+15.991, +7.179,+0.979
1630910880,+3.51,+15.982, +7.176,+0.979
1630911480,+3.51,+15.999, +7.170,+0.979
1630912080,+3.51,+15.999, +7.171,+0.979
1630912680,+3.51,+15.982, +7.175,+0.979
1630913280,+3.51,+15.991, +7.171,+0.979
1630913880,+3.51,+15.982, +7.176,+0.979
1630914480,+3.51,+15.965, +7.173,+0.979
1630915080,+3.51,+15.974, +7.172,+0.979
1630915680,+3.51,+15.982, +7.169,+0.979
1630916280,+3.51,+15.982, +7.175,+0.979
1630916880,+3.51,+15.982, +7.167,+0.978
1630917480,+3.51,+15.982, +7.169,+0.979
1630918080,+3.51,+15.974, +7.170,+0.979
1630918680,+3.51,+15.974, +7.172,+0.979
1630919280,+3.51,+15.974, +7.170,+0.979
1630919880,+3.51,+15.999, +7.163,+0.979
1630920480,+3.51,+15.991, +7.160,+0.978
1630921080,+3.51,+15.982, +7.169,+0.979
1630921680,+3.51,+15.965, +7.171,+0.979
1630922280,+3.51,+15.974, +7.166,+0.979
1630922880,+3.51,+15.982, +7.167,+0.979
1630923480,+3.51,+15.991, +7.172,+0.979
1630924080,+3.51,+15.982, +7.163,+0.979
1630924680,+3.51,+15.991, +7.163,+0.978
1630925280,+3.51,+15.974, +7.171,+0.979
1630925880,+3.51,+15.974, +7.168,+0.978
1630926480,+3.51,+15.982, +7.159,+0.978
1630927080,+3.51,+15.974, +7.173,+0.979
1630927680,+3.51,+15.991, +7.166,+0.979
1630928280,+3.51,+15.982, +7.178,+0.979
1630928880,+3.51,+15.965, +7.179,+0.979
1630929480,+3.51,+15.965, +7.174,+0.979
1630930080,+3.51,+15.974, +7.172,+0.979
1630930680,+3.51,+15.982, +7.167,+0.978
1630931280,+3.51,+15.965, +7.176,+0.979
1630931880,+3.51,+15.965, +7.169,+0.978
1630932480,+3.51,+15.982, +7.173,+0.979
1630933080,+3.51,+15.974, +7.171,+0.979
1630933680,+3.51,+15.991, +7.230,+0.978
1630934280,+3.51,+15.999, +7.300,+0.978
1630934880,+3.51,+15.999, +7.365,+0.978
1630935480,+3.51,+16.008, +7.427,+0.979
1630936080,+3.51,+16.008, +7.482,+0.979
1630936680,+3.51,+16.008, +7.526,+0.979
1630937280,+3.51,+16.025, +7.563,+0.979
1630937880,+3.51,+16.050, +7.596,+0.978
1630938480,+3.51,+16.050, +7.628,+0.978
1630939080,+3.51,+16.050, +7.666,+0.979
1630939680,+3.51,+16.059, +7.692,+0.979
1630940280,+3.51,+16.042, +7.716,+0.978
1630940880,+3.51,+16.050, +7.741,+0.978
1630941480,+3.51,+16.076, +7.753,+0.978
1630942080,+3.51,+16.067, +7.773,+0.978
1630942680,+3.51,+16.059, +7.796,+0.978
1630943280,+3.51,+16.076, +7.806,+0.978
1630943880,+3.51,+16.067, +7.826,+0.978
1630944480,+3.51,+16.076, +7.835,+0.979
1630945080,+3.51,+16.076, +7.843,+0.978
1630945680,+3.51,+16.085, +7.852,+0.978
1630946280,+3.51,+16.085, +7.861,+0.978
1630946880,+3.51,+16.085, +7.871,+0.978
1630947480,+3.51,+16.076, +7.882,+0.978
1630948080,+3.51,+16.102, +7.878,+0.978
1630948680,+3.51,+16.076, +7.901,+0.978
1630949280,+3.51,+16.110, +7.900,+0.979
1630949880,+3.51,+16.085, +7.918,+0.979
1630950480,+3.51,+16.085, +7.917,+0.979
1630951080,+3.51,+16.102, +7.914,+0.978
1630951680,+3.51,+16.102, +7.920,+0.978
1630952280,+3.51,+16.093, +7.929,+0.979
1630952880,+3.51,+16.102, +7.924,+0.978
1630953480,+3.51,+16.093, +7.928,+0.978
1630954080,+3.51,+16.102, +7.930,+0.978
1630954680,+3.51,+16.085, +7.939,+0.979
1630955280,+3.51,+16.093, +7.936,+0.978
1630955880,+3.51,+16.102, +7.940,+0.978
1630956480,+3.51,+16.076, +7.947,+0.978
1630957080,+3.51,+16.110, +7.937,+0.978
1630957680,+3.51,+16.102, +7.949,+0.978
1630958280,+3.51,+16.093, +7.956,+0.979
1630958880,+3.51,+16.093, +7.953,+0.978
1630959480,+3.51,+16.093, +7.957,+0.979
1630960080,+3.51,+16.102, +7.946,+0.978
1630960680,+3.51,+16.110, +7.948,+0.978
1630961280,+3.51,+16.102, +7.955,+0.978
1630961880,+3.51,+16.085, +7.964,+0.979
1630962480,+3.51,+16.085, +7.965,+0.978
