7450-493593
OS REV: 1.05 Sensor Cal: 1617727152
Time (sec),  BV (Volts),  T (deg C),  DO (mg/l),  Q ()
1620070620,+3.51,+15.965, +7.083,+0.992
1620071220,+3.51,+15.965, +7.085,+0.992
1620071820,+3.51,+15.957, +7.096,+0.992
1620072420,+3.51,+15.957, +7.082,+0.992
1620073020,+3.51,+15.939, +7.093,+0.992
1620073620,+3.51,+15.965, +7.085,+0.992
1620074220,+3.51,+15.939, +7.086,+0.992
1620074820,+3.51,+15.965, +7.093,+0.992
1620075420,+3.51,+15.948, +7.086,+0.992
1620076020,+3.51,+15.948, +7.090,+0.992
1620076620,+3.51,+15.931, +7.085,+0.992
1620077220,+3.51,+15.939, +7.096,+0.992
1620077820,+3.51,+15.957, +7.085,+0.992
1620078420,+3.51,+15.939, +7.087,+0.992
1620079020,+3.51,+15.957, +7.085,+0.992
1620079620,+3.51,+15.957, +7.092,+0.993
1620080220,+3.51,+15.957, +7.086,+0.992
1620080820,+3.51,+15.974, +7.073,+0.992
1620081420,+3.51,+15.957, +7.080,+0.992
1620082020,+3.51,+15.957, +7.089,+0.992
1620082620,+3.51,+15.939, +7.089,+0.992
1620083220,+3.51,+15.939, +7.090,+0.992
1620083820,+3.51,+15.957, +7.084,+0.992
1620084420,+3.51,+15.957, +7.078,+0.992
1620085020,+3.51,+15.957, +7.089,+0.992
1620085620,+3.51,+15.931, +7.102,+0.993
1620086220,+3.51,+15.974, +7.085,+0.993
1620086820,+3.51,+15.948, +7.082,+0.992
1620087420,+3.51,+15.957, +7.090,+0.992
1620088020,+3.51,+15.931, +7.081,+0.992
1620088620,+3.51,+15.957, +7.085,+0.992
1620089220,+3.51,+15.914, +7.080,+0.992
1620089820,+3.51,+15.948, +7.090,+0.992
1620090420,+3.51,+15.922, +7.088,+0.992
1620091020,+3.51,+15.931, +7.085,+0.992
1620091620,+3.51,+15.922, +7.084,+0.992
1620092220,+3.51,+15.914, +7.097,+0.992
1620092820,+3.51,+15.931, +7.099,+0.993
1620093420,+3.51,+15.931, +7.092,+0.992
1620094020,+3.51,+15.931, +7.091,+0.992
1620094620,+3.51,+15.897, +7.093,+0.992
1620095220,+3.51,+15.905, +7.094,+0.992
1620095820,+3.51,+15.922, +7.087,+0.992
1620096420,+3.51,+15.922, +7.090,+0.992
1620097020,+3.51,+15.914, +7.100,+0.992
1620097620,+3.51,+15.905, +7.096,+0.992
1620098220,+3.51,+15.922, +7.088,+0.992
1620098820,+3.51,+15.914, +7.096,+0.992
1620099420,+3.51,+15.914, +7.098,+0.992
1620100020,+3.51,+15.905, +7.092,+0.992
1620100620,+3.51,+15.905, +7.098,+0.992
1620101220,+3.51,+15.922, +7.083,+0.992
1620101820,+3.51,+15.897, +7.093,+0.992
1620102420,+3.51,+15.914, +7.091,+0.992
1620103020,+3.51,+15.914, +7.094,+0.992
1620103620,+3.51,+15.914, +7.102,+0.992
1620104220,+3.51,+15.914, +7.092,+0.992
1620104820,+3.51,+15.931, +7.082,+0.992
1620105420,+3.51,+15.922, +7.092,+0.992
1620106020,+3.51,+15.922, +7.096,+0.992
1620106620,+3.51,+15.914, +7.085,+0.992
1620107220,+3.51,+15.914, +7.094,+0.992
1620107820,+3.51,+15.931, +7.091,+0.992
1620108420,+3.51,+15.922, +7.092,+0.992
1620109020,+3.51,+15.922, +7.090,+0.992
1620109620,+3.51,+15.922, +7.095,+0.992
1620110220,+3.51,+15.922, +7.097,+0.993
1620110820,+3.51,+15.931, +7.086,+0.992
1620111420,+3.51,+15.905, +7.093,+0.992
1620112020,+3.51,+15.922, +7.083,+0.992
1620112620,+3.51,+15.914, +7.093,+0.992
1620113220,+3.51,+15.914, +7.087,+0.992
1620113820,+3.51,+15.905, +7.092,+0.992
1620114420,+3.51,+15.931, +7.093,+0.992
1620115020,+3.51,+15.922, +7.089,+0.992
1620115620,+3.51,+15.922, +7.099,+0.992
1620116220,+3.51,+15.922, +7.093,+0.992
1620116820,+3.51,+15.914, +7.099,+0.992
1620117420,+3.51,+15.914, +7.089,+0.992
1620118020,+3.51,+15.897, +7.104,+0.992
1620118620,+3.51,+15.939, +7.087,+0.992
1620119220,+3.51,+15.914, +7.106,+0.993
1620119820,+3.51,+15.914, +7.097,+0.992
1620120420,+3.51,+15.922, +7.096,+0.992
1620121020,+3.51,+15.922, +7.093,+0.992
1620121620,+3.51,+15.914, +7.093,+0.992
1620122220,+3.51,+15.939, +7.092,+0.992
1620122820,+3.51,+15.914, +7.101,+0.992
1620123420,+3.51,+15.914, +7.097,+0.992
1620124020,+3.51,+15.914, +7.102,+0.992
1620124620,+3.51,+15.922, +7.100,+0.992
1620125220,+3.51,+15.922, +7.088,+0.992
1620125820,+3.51,+15.939, +7.089,+0.992
1620126420,+3.51,+15.931, +7.099,+0.992
1620127020,+3.51,+15.931, +7.097,+0.992
1620127620,+3.51,+15.931, +7.099,+0.992
1620128220,+3.51,+15.931, +7.106,+0.993
1620128820,+3.51,+15.914, +7.105,+0.992
1620129420,+3.51,+15.922, +7.102,+0.992
1620130020,+3.51,+15.948, +7.101,+0.992
1620130620,+3.51,+15.914, +7.105,+0.992
1620131220,+3.51,+15.931, +7.111,+0.992
1620131820,+3.51,+15.948, +7.100,+0.992
1620132420,+3.51,+15.939, +7.107,+0.992
1620133020,+3.51,+15.948, +7.103,+0.992
1620133620,+3.51,+15.948, +7.100,+0.992
1620134220,+3.51,+15.965, +7.098,+0.992
1620134820,+3.51,+15.931, +7.109,+0.992
1620135420,+3.51,+15.948, +7.109,+0.992
1620136020,+3.51,+15.957, +7.105,+0.992
1620136620,+3.51,+15.948, +7.117,+0.992
1620137220,+3.51,+15.931, +7.110,+0.992
1620137820,+3.51,+15.965, +7.106,+0.992
1620138420,+3.51,+15.939, +7.109,+0.992
1620139020,+3.51,+15.939, +7.108,+0.992
1620139620,+3.51,+15.974, +7.102,+0.992
1620140220,+3.51,+15.939, +7.112,+0.992
1620140820,+3.51,+15.957, +7.112,+0.992
1620141420,+3.51,+15.957, +7.121,+0.993
1620142020,+3.51,+15.957, +7.104,+0.992
1620142620,+3.51,+15.939, +7.111,+0.992
1620143220,+3.51,+15.957, +7.110,+0.992
1620143820,+3.51,+15.957, +7.107,+0.992
1620144420,+3.51,+15.965, +7.111,+0.992
1620145020,+3.51,+15.965, +7.107,+0.992
1620145620,+3.51,+15.965, +7.106,+0.992
1620146220,+3.51,+15.948, +7.112,+0.992
1620146820,+3.51,+15.948, +7.118,+0.992
1620147420,+3.51,+15.931, +7.117,+0.992
1620148020,+3.51,+15.957, +7.120,+0.992
1620148620,+3.51,+15.965, +7.105,+0.992
1620149220,+3.51,+15.982, +7.111,+0.992
1620149820,+3.51,+15.948, +7.115,+0.992
1620150420,+3.51,+15.957, +7.114,+0.992
1620151020,+3.51,+15.974, +7.112,+0.992
1620151620,+3.51,+15.948, +7.120,+0.992
1620152220,+3.51,+15.965, +7.110,+0.992
1620152820,+3.51,+15.957, +7.110,+0.992
1620153420,+3.51,+15.974, +7.111,+0.992
1620154020,+3.51,+15.948, +7.114,+0.992
1620154620,+3.51,+15.965, +7.120,+0.992
1620155220,+3.51,+15.948, +7.118,+0.992
1620155820,+3.51,+15.957, +7.117,+0.992
1620156420,+3.51,+15.948, +7.113,+0.992
1620157020,+3.51,+15.957, +7.121,+0.992
