7450-493593
OS REV: 1.05 Sensor Cal: 1617727152
Time (sec),  BV (Volts),  T (deg C),  DO (mg/l),  Q ()
1625249580,+3.51,+16.833, +4.662,+0.986
1625250180,+3.51,+16.816, +4.673,+0.986
1625250780,+3.51,+16.799, +4.657,+0.986
1625251380,+3.51,+16.807, +4.673,+0.986
1625251980,+3.51,+16.790, +4.689,+0.986
1625252580,+3.51,+16.799, +4.678,+0.987
1625253180,+3.51,+16.807, +4.667,+0.986
1625253780,+3.51,+16.782, +4.672,+0.986
1625254380,+3.51,+16.799, +4.672,+0.986
1625254980,+3.51,+16.782, +4.665,+0.986
1625255580,+3.51,+16.799, +4.666,+0.986
1625256180,+3.51,+16.790, +4.690,+0.986
1625256780,+3.51,+16.790, +4.692,+0.986
1625257380,+3.51,+16.782, +4.697,+0.986
1625257980,+3.51,+16.782, +4.686,+0.986
1625258580,+3.51,+16.799, +4.676,+0.986
1625259180,+3.51,+16.799, +4.687,+0.987
1625259780,+3.51,+16.790, +4.687,+0.986
1625260380,+3.51,+16.765, +4.693,+0.987
1625260980,+3.51,+16.773, +4.683,+0.986
1625261580,+3.51,+16.799, +4.664,+0.986
1625262180,+3.51,+16.782, +4.674,+0.986
1625262780,+3.51,+16.773, +4.678,+0.986
1625263380,+3.51,+16.773, +4.673,+0.987
1625263980,+3.51,+16.790, +4.674,+0.987
1625264580,+3.51,+16.799, +4.676,+0.986
1625265180,+3.51,+16.790, +4.674,+0.986
1625265780,+3.51,+16.765, +4.664,+0.986
1625266380,+3.51,+16.782, +4.676,+0.986
1625266980,+3.51,+16.790, +4.662,+0.986
1625267580,+3.51,+16.773, +4.669,+0.986
1625268180,+3.51,+16.782, +4.658,+0.987
1625268780,+3.51,+16.765, +4.672,+0.986
1625269380,+3.51,+16.782, +4.674,+0.987
1625269980,+3.51,+16.790, +4.673,+0.987
1625270580,+3.51,+16.782, +4.674,+0.987
1625271180,+3.51,+16.773, +4.663,+0.986
1625271780,+3.51,+16.782, +4.666,+0.986
1625272380,+3.51,+16.790, +4.668,+0.986
1625272980,+3.51,+16.773, +4.671,+0.986
1625273580,+3.51,+16.773, +4.673,+0.986
1625274180,+3.51,+16.773, +4.649,+0.986
1625274780,+3.51,+16.765, +4.613,+0.986
1625275380,+3.51,+16.799, +4.587,+0.986
1625275980,+3.51,+16.782, +4.599,+0.986
1625276580,+3.51,+16.790, +4.594,+0.986
1625277180,+3.51,+16.773, +4.592,+0.987
1625277780,+3.51,+16.790, +4.577,+0.986
1625278380,+3.51,+16.782, +4.584,+0.986
1625278980,+3.51,+16.790, +4.590,+0.987
1625279580,+3.51,+16.799, +4.587,+0.986
1625280180,+3.51,+16.790, +4.592,+0.986
1625280780,+3.51,+16.799, +4.595,+0.986
1625281380,+3.51,+16.816, +4.595,+0.986
1625281980,+3.51,+16.824, +4.599,+0.986
1625282580,+3.51,+16.816, +4.599,+0.986
1625283180,+3.51,+16.816, +4.603,+0.986
1625283780,+3.51,+16.816, +4.607,+0.986
1625284380,+3.51,+16.833, +4.614,+0.986
1625284980,+3.52,+16.833, +4.613,+0.986
1625285580,+3.51,+16.824, +4.619,+0.986
1625286180,+3.52,+16.824, +4.617,+0.986
1625286780,+3.52,+16.858, +4.611,+0.986
1625287380,+3.52,+16.858, +4.618,+0.986
1625287980,+3.52,+16.858, +4.619,+0.986
1625288580,+3.52,+16.841, +4.626,+0.986
1625289180,+3.52,+16.858, +4.623,+0.986
1625289780,+3.52,+16.875, +4.623,+0.986
1625290380,+3.52,+16.867, +4.627,+0.986
1625290980,+3.52,+16.875, +4.624,+0.986
1625291580,+3.52,+16.867, +4.627,+0.986
1625292180,+3.52,+16.858, +4.632,+0.986
1625292780,+3.52,+16.867, +4.626,+0.986
1625293380,+3.52,+16.875, +4.635,+0.986
1625293980,+3.52,+16.884, +4.642,+0.986
1625294580,+3.52,+16.884, +4.645,+0.986
1625295180,+3.52,+16.875, +4.643,+0.986
1625295780,+3.52,+16.892, +4.632,+0.986
1625296380,+3.52,+16.875, +4.642,+0.986
1625296980,+3.52,+16.884, +4.638,+0.986
1625297580,+3.52,+16.909, +4.635,+0.986
1625298180,+3.52,+16.892, +4.639,+0.986
1625298780,+3.52,+16.901, +4.632,+0.986
1625299380,+3.52,+16.884, +4.646,+0.986
1625299980,+3.52,+16.892, +4.642,+0.986
1625300580,+3.52,+16.901, +4.635,+0.986
1625301180,+3.52,+16.892, +4.639,+0.986
1625301780,+3.52,+16.892, +4.639,+0.986
1625302380,+3.52,+16.901, +4.636,+0.986
1625302980,+3.52,+16.918, +4.629,+0.986
1625303580,+3.52,+16.909, +4.640,+0.987
1625304180,+3.52,+16.918, +4.629,+0.986
1625304780,+3.52,+16.884, +4.643,+0.986
1625305380,+3.52,+16.909, +4.630,+0.986
1625305980,+3.52,+16.909, +4.643,+0.986
1625306580,+3.52,+16.909, +4.649,+0.986
1625307180,+3.52,+16.926, +4.649,+0.986
1625307780,+3.52,+16.918, +4.646,+0.987
1625308380,+3.52,+16.918, +4.642,+0.986
1625308980,+3.52,+16.935, +4.647,+0.986
1625309580,+3.52,+16.926, +4.639,+0.986
1625310180,+3.52,+16.935, +4.653,+0.986
1625310780,+3.52,+16.926, +4.652,+0.986
1625311380,+3.52,+16.918, +4.653,+0.986
1625311980,+3.52,+16.926, +4.650,+0.986
1625312580,+3.52,+16.918, +4.655,+0.986
1625313180,+3.52,+16.935, +4.648,+0.986
1625313780,+3.52,+16.943, +4.647,+0.986
1625314380,+3.52,+16.926, +4.645,+0.986
1625314980,+3.52,+16.918, +4.645,+0.986
1625315580,+3.52,+16.918, +4.655,+0.986
1625316180,+3.52,+16.926, +4.655,+0.986
1625316780,+3.52,+16.918, +4.659,+0.986
1625317380,+3.52,+16.943, +4.703,+0.986
1625317980,+3.52,+16.943, +4.727,+0.987
1625318580,+3.52,+16.960, +4.725,+0.986
1625319180,+3.52,+16.952, +4.729,+0.986
1625319780,+3.52,+16.960, +4.731,+0.986
1625320380,+3.52,+16.968, +4.734,+0.986
1625320980,+3.52,+16.968, +4.733,+0.986
1625321580,+3.52,+16.952, +4.732,+0.986
1625322180,+3.52,+16.968, +4.725,+0.986
1625322780,+3.52,+16.952, +4.730,+0.986
1625323380,+3.52,+16.960, +4.732,+0.986
1625323980,+3.52,+16.952, +4.733,+0.986
1625324580,+3.52,+16.952, +4.724,+0.986
1625325180,+3.52,+16.960, +4.728,+0.986
1625325780,+3.52,+16.952, +4.721,+0.986
1625326380,+3.52,+16.952, +4.712,+0.986
1625326980,+3.52,+16.960, +4.724,+0.987
1625327580,+3.52,+16.935, +4.717,+0.986
1625328180,+3.52,+16.918, +4.714,+0.986
1625328780,+3.52,+16.918, +4.714,+0.986
1625329380,+3.52,+16.918, +4.717,+0.986
1625329980,+3.52,+16.901, +4.720,+0.986
1625330580,+3.52,+16.909, +4.702,+0.986
1625331180,+3.52,+16.901, +4.703,+0.987
1625331780,+3.52,+16.892, +4.703,+0.986
1625332380,+3.52,+16.884, +4.708,+0.987
1625332980,+3.52,+16.884, +4.702,+0.987
1625333580,+3.52,+16.858, +4.698,+0.986
1625334180,+3.52,+16.867, +4.696,+0.986
1625334780,+3.52,+16.867, +4.705,+0.986
1625335380,+3.52,+16.858, +4.696,+0.986
1625335980,+3.52,+16.841, +4.697,+0.986
