7450-493593
OS REV: 1.05 Sensor Cal: 1617727152
Time (sec),  BV (Volts),  T (deg C),  DO (mg/l),  Q ()
1630004220,+3.51,+16.187, +8.140,+0.978
1630004820,+3.51,+16.178, +8.137,+0.978
1630005420,+3.51,+16.195, +8.141,+0.978
1630006020,+3.51,+16.153, +8.152,+0.978
1630006620,+3.51,+16.178, +8.153,+0.978
1630007220,+3.51,+16.178, +8.147,+0.978
1630007820,+3.51,+16.178, +8.147,+0.978
1630008420,+3.51,+16.161, +8.153,+0.978
1630009020,+3.51,+16.178, +8.146,+0.978
1630009620,+3.51,+16.170, +8.153,+0.978
1630010220,+3.51,+16.187, +8.147,+0.978
1630010820,+3.51,+16.170, +8.152,+0.978
1630011420,+3.51,+16.170, +8.157,+0.978
1630012020,+3.51,+16.187, +8.143,+0.978
1630012620,+3.51,+16.187, +8.147,+0.978
1630013220,+3.51,+16.178, +8.153,+0.978
1630013820,+3.51,+16.170, +8.149,+0.978
1630014420,+3.51,+16.161, +8.151,+0.978
1630015020,+3.51,+16.170, +8.155,+0.978
1630015620,+3.51,+16.153, +8.154,+0.978
1630016220,+3.51,+16.153, +8.159,+0.978
1630016820,+3.51,+16.153, +8.155,+0.978
1630017420,+3.51,+16.144, +8.157,+0.978
1630018020,+3.51,+16.136, +8.164,+0.978
1630018620,+3.51,+16.153, +8.152,+0.978
1630019220,+3.51,+16.136, +8.155,+0.978
1630019820,+3.51,+16.144, +8.151,+0.978
1630020420,+3.51,+16.144, +8.155,+0.978
1630021020,+3.51,+16.153, +8.148,+0.978
1630021620,+3.51,+16.153, +8.146,+0.978
1630022220,+3.51,+16.153, +8.142,+0.978
1630022820,+3.51,+16.161, +8.139,+0.978
1630023420,+3.51,+16.153, +8.146,+0.978
1630024020,+3.51,+16.170, +8.131,+0.978
1630024620,+3.51,+16.153, +8.124,+0.977
1630025220,+3.51,+16.170, +8.120,+0.978
1630025820,+3.51,+16.144, +8.052,+0.978
1630026420,+3.51,+16.144, +7.970,+0.978
1630027020,+3.51,+16.144, +7.883,+0.978
1630027620,+3.51,+16.119, +7.818,+0.978
1630028220,+3.51,+16.110, +7.763,+0.978
1630028820,+3.51,+16.110, +7.706,+0.978
1630029420,+3.51,+16.102, +7.662,+0.978
1630030020,+3.51,+16.102, +7.607,+0.978
1630030620,+3.51,+16.085, +7.580,+0.978
1630031220,+3.51,+16.059, +7.549,+0.978
1630031820,+3.51,+16.076, +7.512,+0.978
1630032420,+3.51,+16.067, +7.496,+0.978
1630033020,+3.51,+16.076, +7.466,+0.978
1630033620,+3.51,+16.076, +7.444,+0.978
1630034220,+3.51,+16.067, +7.430,+0.978
1630034820,+3.51,+16.059, +7.414,+0.978
1630035420,+3.51,+16.067, +7.395,+0.978
1630036020,+3.51,+16.067, +7.387,+0.978
1630036620,+3.51,+16.067, +7.376,+0.978
1630037220,+3.51,+16.067, +7.358,+0.978
1630037820,+3.51,+16.050, +7.351,+0.978
1630038420,+3.51,+16.059, +7.347,+0.978
1630039020,+3.51,+16.059, +7.335,+0.978
1630039620,+3.51,+16.059, +7.335,+0.978
1630040220,+3.51,+16.067, +7.328,+0.978
1630040820,+3.51,+16.059, +7.322,+0.978
1630041420,+3.51,+16.067, +7.314,+0.978
1630042020,+3.51,+16.059, +7.312,+0.978
1630042620,+3.51,+16.050, +7.314,+0.978
1630043220,+3.51,+16.059, +7.303,+0.978
1630043820,+3.51,+16.059, +7.298,+0.978
1630044420,+3.51,+16.067, +7.296,+0.978
1630045020,+3.51,+16.067, +7.293,+0.978
1630045620,+3.51,+16.059, +7.300,+0.979
1630046220,+3.51,+16.085, +7.283,+0.978
1630046820,+3.51,+16.059, +7.292,+0.978
1630047420,+3.51,+16.067, +7.281,+0.978
1630048020,+3.51,+16.050, +7.294,+0.979
1630048620,+3.51,+16.059, +7.287,+0.978
1630049220,+3.51,+16.059, +7.290,+0.978
1630049820,+3.51,+16.067, +7.279,+0.978
1630050420,+3.51,+16.067, +7.275,+0.978
1630051020,+3.51,+16.050, +7.274,+0.978
1630051620,+3.51,+16.076, +7.273,+0.978
1630052220,+3.51,+16.067, +7.271,+0.978
1630052820,+3.51,+16.059, +7.267,+0.977
1630053420,+3.51,+16.059, +7.279,+0.978
1630054020,+3.51,+16.076, +7.267,+0.978
1630054620,+3.51,+16.059, +7.276,+0.978
1630055220,+3.51,+16.050, +7.279,+0.978
1630055820,+3.51,+16.059, +7.273,+0.978
1630056420,+3.51,+16.059, +7.268,+0.978
1630057020,+3.51,+16.076, +7.270,+0.978
1630057620,+3.51,+16.050, +7.268,+0.978
1630058220,+3.51,+16.050, +7.268,+0.978
1630058820,+3.51,+16.076, +7.262,+0.978
1630059420,+3.51,+16.059, +7.266,+0.978
1630060020,+3.51,+16.059, +7.268,+0.978
1630060620,+3.51,+16.050, +7.274,+0.978
1630061220,+3.51,+16.042, +7.271,+0.978
1630061820,+3.51,+16.059, +7.265,+0.978
1630062420,+3.51,+16.050, +7.266,+0.978
1630063020,+3.51,+16.059, +7.266,+0.978
1630063620,+3.51,+16.050, +7.265,+0.978
1630064220,+3.51,+16.076, +7.263,+0.978
1630064820,+3.51,+16.059, +7.261,+0.978
1630065420,+3.51,+16.050, +7.266,+0.978
1630066020,+3.51,+16.050, +7.270,+0.978
1630066620,+3.51,+16.050, +7.272,+0.979
1630067220,+3.51,+16.059, +7.264,+0.978
1630067820,+3.51,+16.050, +7.269,+0.978
1630068420,+3.51,+16.050, +7.266,+0.978
1630069020,+3.51,+16.067, +7.257,+0.978
1630069620,+3.51,+16.067, +7.340,+0.978
1630070220,+3.51,+16.059, +7.427,+0.978
1630070820,+3.51,+16.085, +7.494,+0.978
1630071420,+3.51,+16.102, +7.568,+0.978
1630072020,+3.51,+16.119, +7.621,+0.978
1630072620,+3.51,+16.119, +7.676,+0.978
1630073220,+3.51,+16.110, +7.725,+0.978
1630073820,+3.51,+16.144, +7.764,+0.978
1630074420,+3.51,+16.136, +7.812,+0.978
1630075020,+3.51,+16.144, +7.834,+0.978
1630075620,+3.51,+16.144, +7.862,+0.977
1630076220,+3.51,+16.127, +7.902,+0.978
1630076820,+3.51,+16.161, +7.910,+0.978
1630077420,+3.51,+16.144, +7.942,+0.978
1630078020,+3.51,+16.153, +7.962,+0.978
1630078620,+3.51,+16.153, +7.973,+0.978
1630079220,+3.51,+16.161, +7.995,+0.978
1630079820,+3.51,+16.178, +8.003,+0.978
1630080420,+3.51,+16.170, +8.014,+0.978
1630081020,+3.51,+16.153, +8.033,+0.978
1630081620,+3.51,+16.178, +8.038,+0.978
1630082220,+3.51,+16.178, +8.050,+0.978
1630082820,+3.51,+16.178, +8.057,+0.978
1630083420,+3.51,+16.170, +8.065,+0.978
1630084020,+3.51,+16.161, +8.069,+0.978
1630084620,+3.51,+16.187, +8.065,+0.977
1630085220,+3.51,+16.178, +8.081,+0.978
1630085820,+3.51,+16.170, +8.086,+0.978
1630086420,+3.51,+16.170, +8.093,+0.978
1630087020,+3.51,+16.195, +8.084,+0.978
1630087620,+3.51,+16.187, +8.092,+0.978
1630088220,+3.51,+16.161, +8.097,+0.978
1630088820,+3.51,+16.187, +8.096,+0.978
1630089420,+3.51,+16.178, +8.093,+0.977
1630090020,+3.51,+16.187, +8.104,+0.978
1630090620,+3.51,+16.161, +8.108,+0.978
