7450-493593
OS REV: 1.05 Sensor Cal: 1617727152
Time (sec),  BV (Volts),  T (deg C),  DO (mg/l),  Q ()
1624729560,+3.51,+16.841, +4.132,+0.987
1624730160,+3.51,+16.850, +4.116,+0.986
1624730760,+3.51,+16.850, +4.123,+0.986
1624731360,+3.51,+16.850, +4.116,+0.986
1624731960,+3.51,+16.850, +4.117,+0.987
1624732560,+3.51,+16.841, +4.117,+0.986
1624733160,+3.51,+16.833, +4.125,+0.987
1624733760,+3.51,+16.841, +4.115,+0.987
1624734360,+3.51,+16.816, +4.119,+0.986
1624734960,+3.51,+16.833, +4.118,+0.986
1624735560,+3.51,+16.833, +4.121,+0.987
1624736160,+3.51,+16.816, +4.115,+0.986
1624736760,+3.51,+16.833, +4.110,+0.986
1624737360,+3.51,+16.807, +4.110,+0.987
1624737960,+3.51,+16.816, +4.104,+0.987
1624738560,+3.51,+16.824, +4.114,+0.987
1624739160,+3.51,+16.833, +4.113,+0.987
1624739760,+3.51,+16.807, +4.115,+0.987
1624740360,+3.51,+16.833, +4.098,+0.986
1624740960,+3.51,+16.799, +4.109,+0.987
1624741560,+3.51,+16.799, +4.115,+0.987
1624742160,+3.51,+16.824, +4.112,+0.987
1624742760,+3.51,+16.799, +4.110,+0.987
1624743360,+3.51,+16.816, +4.105,+0.987
1624743960,+3.51,+16.824, +4.112,+0.987
1624744560,+3.51,+16.799, +4.104,+0.986
1624745160,+3.51,+16.816, +4.104,+0.987
1624745760,+3.51,+16.816, +4.111,+0.987
1624746360,+3.51,+16.799, +4.120,+0.986
1624746960,+3.51,+16.799, +4.114,+0.987
1624747560,+3.51,+16.807, +4.109,+0.987
1624748160,+3.51,+16.807, +4.118,+0.987
1624748760,+3.51,+16.807, +4.114,+0.987
1624749360,+3.51,+16.790, +4.121,+0.987
1624749960,+3.51,+16.799, +4.124,+0.987
1624750560,+3.51,+16.807, +4.122,+0.986
1624751160,+3.51,+16.782, +4.126,+0.986
1624751760,+3.51,+16.799, +4.110,+0.986
1624752360,+3.51,+16.799, +4.115,+0.987
1624752960,+3.51,+16.799, +4.128,+0.986
1624753560,+3.51,+16.816, +4.114,+0.987
1624754160,+3.51,+16.799, +4.120,+0.987
1624754760,+3.51,+16.816, +4.117,+0.986
1624755360,+3.51,+16.765, +4.119,+0.987
1624755960,+3.51,+16.790, +4.066,+0.987
1624756560,+3.51,+16.790, +4.054,+0.986
1624757160,+3.51,+16.782, +4.053,+0.987
1624757760,+3.51,+16.799, +4.041,+0.987
1624758360,+3.51,+16.799, +4.045,+0.987
1624758960,+3.51,+16.816, +4.034,+0.987
1624759560,+3.51,+16.807, +4.027,+0.987
1624760160,+3.51,+16.807, +4.032,+0.987
1624760760,+3.51,+16.807, +4.043,+0.987
1624761360,+3.51,+16.824, +4.029,+0.987
1624761960,+3.51,+16.807, +4.034,+0.987
1624762560,+3.51,+16.816, +4.038,+0.987
1624763160,+3.51,+16.816, +4.042,+0.987
1624763760,+3.51,+16.833, +4.040,+0.987
1624764360,+3.51,+16.816, +4.041,+0.987
1624764960,+3.51,+16.816, +4.040,+0.987
1624765560,+3.51,+16.824, +4.033,+0.987
1624766160,+3.52,+16.833, +4.043,+0.987
1624766760,+3.51,+16.833, +4.037,+0.987
1624767360,+3.51,+16.841, +4.032,+0.986
1624767960,+3.51,+16.833, +4.038,+0.987
1624768560,+3.51,+16.833, +4.032,+0.987
1624769160,+3.51,+16.833, +4.034,+0.987
1624769760,+3.51,+16.833, +4.026,+0.987
1624770360,+3.51,+16.841, +4.023,+0.987
1624770960,+3.51,+16.833, +4.031,+0.987
1624771560,+3.51,+16.841, +4.022,+0.987
1624772160,+3.52,+16.841, +4.015,+0.987
1624772760,+3.52,+16.824, +4.024,+0.987
1624773360,+3.52,+16.833, +4.023,+0.987
1624773960,+3.52,+16.850, +4.022,+0.987
1624774560,+3.52,+16.850, +4.023,+0.987
1624775160,+3.52,+16.833, +4.034,+0.987
1624775760,+3.52,+16.858, +4.024,+0.987
1624776360,+3.52,+16.858, +4.028,+0.987
1624776960,+3.52,+16.875, +4.017,+0.987
1624777560,+3.52,+16.867, +4.021,+0.987
1624778160,+3.52,+16.841, +4.017,+0.987
1624778760,+3.52,+16.858, +4.011,+0.987
1624779360,+3.52,+16.858, +4.016,+0.987
1624779960,+3.52,+16.858, +4.011,+0.987
1624780560,+3.52,+16.850, +4.013,+0.987
1624781160,+3.52,+16.850, +4.017,+0.987
1624781760,+3.52,+16.875, +4.012,+0.987
1624782360,+3.52,+16.884, +4.017,+0.987
1624782960,+3.52,+16.875, +4.009,+0.986
1624783560,+3.52,+16.867, +4.013,+0.987
1624784160,+3.52,+16.875, +4.007,+0.987
1624784760,+3.52,+16.875, +4.007,+0.987
1624785360,+3.52,+16.884, +4.013,+0.987
1624785960,+3.52,+16.875, +4.015,+0.987
1624786560,+3.52,+16.867, +4.010,+0.987
1624787160,+3.52,+16.875, +4.010,+0.987
1624787760,+3.52,+16.875, +4.012,+0.987
1624788360,+3.52,+16.867, +4.018,+0.987
1624788960,+3.52,+16.867, +4.011,+0.987
1624789560,+3.52,+16.875, +4.007,+0.987
1624790160,+3.52,+16.867, +4.016,+0.987
1624790760,+3.52,+16.867, +4.015,+0.987
1624791360,+3.52,+16.884, +4.009,+0.987
1624791960,+3.52,+16.875, +4.008,+0.987
1624792560,+3.52,+16.884, +4.004,+0.987
1624793160,+3.52,+16.867, +4.013,+0.987
1624793760,+3.52,+16.884, +4.000,+0.987
1624794360,+3.52,+16.884, +4.001,+0.987
1624794960,+3.52,+16.875, +4.008,+0.987
1624795560,+3.52,+16.884, +3.996,+0.987
1624796160,+3.52,+16.884, +4.002,+0.987
1624796760,+3.52,+16.875, +4.004,+0.987
1624797360,+3.52,+16.884, +3.996,+0.987
1624797960,+3.52,+16.875, +4.001,+0.987
1624798560,+3.52,+16.901, +3.990,+0.987
1624799160,+3.52,+16.901, +4.028,+0.986
1624799760,+3.52,+16.892, +4.051,+0.987
1624800360,+3.52,+16.909, +4.039,+0.986
1624800960,+3.52,+16.892, +4.062,+0.987
1624801560,+3.52,+16.926, +4.054,+0.987
1624802160,+3.52,+16.918, +4.062,+0.986
1624802760,+3.52,+16.909, +4.069,+0.987
1624803360,+3.52,+16.918, +4.058,+0.987
1624803960,+3.52,+16.909, +4.055,+0.987
1624804560,+3.52,+16.918, +4.060,+0.987
1624805160,+3.52,+16.918, +4.048,+0.987
1624805760,+3.52,+16.884, +4.065,+0.987
1624806360,+3.52,+16.884, +4.062,+0.987
1624806960,+3.52,+16.892, +4.056,+0.987
1624807560,+3.52,+16.901, +4.056,+0.986
1624808160,+3.52,+16.867, +4.064,+0.987
1624808760,+3.52,+16.892, +4.063,+0.987
1624809360,+3.52,+16.901, +4.060,+0.987
1624809960,+3.52,+16.892, +4.063,+0.987
1624810560,+3.52,+16.884, +4.043,+0.987
1624811160,+3.52,+16.901, +4.044,+0.987
1624811760,+3.52,+16.867, +4.061,+0.987
1624812360,+3.52,+16.884, +4.052,+0.987
1624812960,+3.52,+16.884, +4.045,+0.987
1624813560,+3.52,+16.867, +4.042,+0.986
1624814160,+3.52,+16.867, +4.045,+0.987
1624814760,+3.52,+16.884, +4.044,+0.987
1624815360,+3.52,+16.858, +4.047,+0.987
1624815960,+3.52,+16.892, +4.035,+0.987
