7450-493593
OS REV: 1.05 Sensor Cal: 1617727152
Time (sec),  BV (Volts),  T (deg C),  DO (mg/l),  Q ()
1624816560,+3.51,+16.867, +4.026,+0.987
1624817160,+3.52,+16.875, +4.036,+0.987
1624817760,+3.52,+16.858, +4.041,+0.987
1624818360,+3.52,+16.867, +4.038,+0.987
1624818960,+3.52,+16.867, +4.043,+0.987
1624819560,+3.52,+16.867, +4.035,+0.987
1624820160,+3.52,+16.841, +4.041,+0.987
1624820760,+3.52,+16.875, +4.035,+0.987
1624821360,+3.52,+16.858, +4.046,+0.987
1624821960,+3.52,+16.867, +4.034,+0.987
1624822560,+3.52,+16.841, +4.033,+0.987
1624823160,+3.51,+16.850, +4.037,+0.987
1624823760,+3.52,+16.867, +4.040,+0.987
1624824360,+3.52,+16.841, +4.030,+0.987
1624824960,+3.52,+16.850, +4.032,+0.987
1624825560,+3.52,+16.841, +4.045,+0.987
1624826160,+3.51,+16.841, +4.035,+0.987
1624826760,+3.52,+16.824, +4.033,+0.987
1624827360,+3.52,+16.841, +4.045,+0.987
1624827960,+3.52,+16.833, +4.045,+0.987
1624828560,+3.51,+16.816, +4.046,+0.987
1624829160,+3.52,+16.833, +4.033,+0.987
1624829760,+3.52,+16.816, +4.032,+0.987
1624830360,+3.51,+16.824, +4.034,+0.987
1624830960,+3.51,+16.841, +4.038,+0.987
1624831560,+3.51,+16.833, +4.038,+0.987
1624832160,+3.52,+16.824, +4.046,+0.987
1624832760,+3.51,+16.824, +4.043,+0.987
1624833360,+3.51,+16.816, +4.046,+0.987
1624833960,+3.51,+16.824, +4.050,+0.987
1624834560,+3.52,+16.824, +4.039,+0.987
1624835160,+3.51,+16.833, +4.031,+0.987
1624835760,+3.51,+16.807, +4.031,+0.987
1624836360,+3.51,+16.833, +4.017,+0.987
1624836960,+3.51,+16.841, +4.026,+0.987
1624837560,+3.51,+16.816, +4.032,+0.987
1624838160,+3.51,+16.833, +4.030,+0.987
1624838760,+3.51,+16.824, +4.029,+0.987
1624839360,+3.51,+16.816, +4.036,+0.987
1624839960,+3.51,+16.807, +4.032,+0.987
1624840560,+3.52,+16.841, +4.023,+0.987
1624841160,+3.52,+16.833, +4.025,+0.987
1624841760,+3.51,+16.816, +4.036,+0.987
1624842360,+3.51,+16.799, +4.008,+0.987
1624842960,+3.51,+16.799, +4.005,+0.987
1624843560,+3.51,+16.816, +3.995,+0.987
1624844160,+3.51,+16.816, +3.985,+0.987
1624844760,+3.51,+16.824, +3.971,+0.987
1624845360,+3.51,+16.816, +3.976,+0.987
1624845960,+3.52,+16.816, +3.976,+0.987
1624846560,+3.52,+16.833, +3.970,+0.987
1624847160,+3.52,+16.841, +3.977,+0.987
1624847760,+3.52,+16.833, +3.975,+0.987
1624848360,+3.52,+16.833, +3.979,+0.987
1624848960,+3.52,+16.833, +3.982,+0.987
1624849560,+3.52,+16.841, +3.973,+0.987
1624850160,+3.52,+16.850, +3.977,+0.987
1624850760,+3.52,+16.850, +3.974,+0.987
1624851360,+3.52,+16.867, +3.966,+0.987
1624851960,+3.52,+16.867, +3.977,+0.987
1624852560,+3.52,+16.833, +3.989,+0.987
1624853160,+3.52,+16.850, +3.982,+0.987
1624853760,+3.52,+16.858, +3.985,+0.987
1624854360,+3.52,+16.867, +3.982,+0.987
1624854960,+3.52,+16.841, +3.981,+0.987
1624855560,+3.52,+16.858, +3.992,+0.987
1624856160,+3.52,+16.867, +3.996,+0.987
1624856760,+3.52,+16.892, +4.002,+0.987
1624857360,+3.52,+16.858, +3.998,+0.987
1624857960,+3.52,+16.867, +3.995,+0.987
1624858560,+3.52,+16.867, +4.002,+0.987
1624859160,+3.52,+16.875, +3.990,+0.987
1624859760,+3.52,+16.867, +3.998,+0.987
1624860360,+3.52,+16.875, +3.988,+0.987
1624860960,+3.52,+16.875, +3.982,+0.987
1624861560,+3.52,+16.892, +3.996,+0.987
1624862160,+3.52,+16.884, +4.006,+0.987
1624862760,+3.52,+16.884, +4.011,+0.987
1624863360,+3.52,+16.884, +4.012,+0.986
1624863960,+3.52,+16.892, +3.995,+0.987
1624864560,+3.52,+16.892, +4.001,+0.987
1624865160,+3.52,+16.901, +3.988,+0.987
1624865760,+3.52,+16.892, +3.999,+0.987
1624866360,+3.52,+16.901, +4.007,+0.987
1624866960,+3.52,+16.918, +4.001,+0.987
1624867560,+3.52,+16.892, +4.010,+0.987
1624868160,+3.52,+16.892, +4.002,+0.987
1624868760,+3.52,+16.909, +4.004,+0.987
1624869360,+3.52,+16.901, +4.013,+0.987
1624869960,+3.52,+16.884, +4.014,+0.987
1624870560,+3.52,+16.901, +4.014,+0.987
1624871160,+3.52,+16.901, +4.007,+0.987
1624871760,+3.52,+16.901, +4.017,+0.987
1624872360,+3.52,+16.901, +4.006,+0.987
1624872960,+3.52,+16.901, +4.018,+0.987
1624873560,+3.52,+16.918, +4.010,+0.987
1624874160,+3.52,+16.909, +4.010,+0.987
1624874760,+3.52,+16.909, +4.018,+0.987
1624875360,+3.52,+16.926, +4.002,+0.987
1624875960,+3.52,+16.892, +4.019,+0.987
1624876560,+3.52,+16.909, +4.018,+0.987
1624877160,+3.52,+16.909, +4.018,+0.987
1624877760,+3.52,+16.909, +4.015,+0.987
1624878360,+3.52,+16.926, +4.018,+0.987
1624878960,+3.52,+16.901, +4.025,+0.987
1624879560,+3.52,+16.909, +4.029,+0.987
1624880160,+3.52,+16.909, +4.020,+0.987
1624880760,+3.52,+16.918, +4.015,+0.987
1624881360,+3.52,+16.918, +4.022,+0.987
1624881960,+3.52,+16.901, +4.028,+0.987
1624882560,+3.52,+16.909, +4.032,+0.987
1624883160,+3.52,+16.926, +4.029,+0.987
1624883760,+3.52,+16.918, +4.037,+0.987
1624884360,+3.52,+16.909, +4.045,+0.987
1624884960,+3.52,+16.909, +4.051,+0.987
1624885560,+3.52,+16.918, +4.078,+0.987
1624886160,+3.52,+16.918, +4.096,+0.987
1624886760,+3.52,+16.901, +4.102,+0.987
1624887360,+3.52,+16.892, +4.110,+0.987
1624887960,+3.52,+16.901, +4.105,+0.987
1624888560,+3.52,+16.892, +4.105,+0.987
1624889160,+3.52,+16.858, +4.106,+0.986
1624889760,+3.52,+16.892, +4.115,+0.987
1624890360,+3.52,+16.884, +4.115,+0.986
1624890960,+3.52,+16.875, +4.119,+0.986
1624891560,+3.52,+16.850, +4.110,+0.987
1624892160,+3.52,+16.858, +4.114,+0.987
1624892760,+3.52,+16.875, +4.121,+0.987
1624893360,+3.52,+16.850, +4.126,+0.987
1624893960,+3.52,+16.850, +4.120,+0.987
1624894560,+3.52,+16.858, +4.111,+0.987
1624895160,+3.52,+16.850, +4.108,+0.987
1624895760,+3.52,+16.858, +4.106,+0.987
1624896360,+3.52,+16.875, +4.091,+0.987
1624896960,+3.52,+16.850, +4.096,+0.987
1624897560,+3.52,+16.841, +4.099,+0.986
1624898160,+3.52,+16.875, +4.087,+0.987
1624898760,+3.52,+16.867, +4.090,+0.987
1624899360,+3.52,+16.858, +4.098,+0.987
1624899960,+3.52,+16.875, +4.105,+0.987
1624900560,+3.52,+16.850, +4.104,+0.987
1624901160,+3.52,+16.867, +4.110,+0.986
1624901760,+3.52,+16.875, +4.114,+0.987
1624902360,+3.52,+16.858, +4.120,+0.987
1624902960,+3.52,+16.875, +4.122,+0.987
