7450-493593
OS REV: 1.05 Sensor Cal: 1617727152
Time (sec),  BV (Volts),  T (deg C),  DO (mg/l),  Q ()
1628351400,+3.53,+16.297, +7.555,+0.975
1628352000,+3.52,+16.323, +7.586,+0.975
1628352600,+3.53,+16.340, +7.602,+0.976
1628353200,+3.52,+16.323, +7.623,+0.976
1628353800,+3.52,+16.340, +7.633,+0.975
1628354400,+3.52,+16.323, +7.657,+0.975
1628355000,+3.52,+16.332, +7.670,+0.975
1628355600,+3.52,+16.315, +7.682,+0.975
1628356200,+3.52,+16.340, +7.689,+0.975
1628356800,+3.52,+16.306, +7.718,+0.975
1628357400,+3.52,+16.332, +7.728,+0.976
1628358000,+3.52,+16.297, +7.751,+0.976
1628358600,+3.52,+16.306, +7.759,+0.975
1628359200,+3.52,+16.315, +7.765,+0.975
1628359800,+3.52,+16.323, +7.770,+0.975
1628360400,+3.52,+16.332, +7.790,+0.976
1628361000,+3.52,+16.332, +7.794,+0.975
1628361600,+3.52,+16.315, +7.814,+0.975
1628362200,+3.52,+16.315, +7.826,+0.976
1628362800,+3.52,+16.323, +7.830,+0.976
1628363400,+3.52,+16.315, +7.839,+0.975
1628364000,+3.52,+16.306, +7.845,+0.975
1628364600,+3.52,+16.297, +7.853,+0.975
1628365200,+3.52,+16.289, +7.874,+0.976
1628365800,+3.52,+16.306, +7.871,+0.975
1628366400,+3.52,+16.306, +7.888,+0.976
1628367000,+3.52,+16.315, +7.887,+0.976
1628367600,+3.52,+16.306, +7.892,+0.975
1628368200,+3.52,+16.323, +7.890,+0.975
1628368800,+3.52,+16.315, +7.904,+0.976
1628369400,+3.52,+16.306, +7.912,+0.975
1628370000,+3.52,+16.306, +7.920,+0.976
1628370600,+3.52,+16.315, +7.921,+0.975
1628371200,+3.52,+16.306, +7.927,+0.975
1628371800,+3.52,+16.315, +7.934,+0.975
1628372400,+3.52,+16.306, +7.945,+0.975
1628373000,+3.52,+16.332, +7.938,+0.975
1628373600,+3.52,+16.323, +7.952,+0.975
1628374200,+3.52,+16.315, +7.960,+0.975
1628374800,+3.52,+16.468, +7.970,+0.976
1628375400,+3.52,+16.612, +7.974,+0.975
1628376000,+3.52,+16.756, +7.981,+0.976
1628376600,+3.52,+16.918, +7.968,+0.975
1628377200,+3.52,+17.079, +7.964,+0.976
1628377800,+3.52,+17.231, +7.948,+0.975
1628378400,+3.52,+17.366, +7.939,+0.975
1628379000,+3.52,+17.518, +7.936,+0.976
1628379600,+3.52,+17.468, +7.917,+0.975
1628380200,+3.52,+17.375, +7.892,+0.975
1628380800,+3.52,+17.265, +7.887,+0.975
1628381400,+3.52,+17.172, +7.881,+0.975
1628382000,+3.52,+17.036, +7.880,+0.975
1628382600,+3.52,+16.952, +7.870,+0.975
1628383200,+3.52,+16.850, +7.869,+0.975
1628383800,+3.52,+16.748, +7.803,+0.975
1628384400,+3.52,+16.655, +7.749,+0.976
1628385000,+3.52,+16.612, +7.682,+0.975
1628385600,+3.52,+16.561, +7.638,+0.975
1628386200,+3.52,+16.502, +7.598,+0.976
1628386800,+3.52,+16.476, +7.553,+0.975
1628387400,+3.52,+16.417, +7.526,+0.976
1628388000,+3.52,+16.408, +7.481,+0.975
1628388600,+3.52,+16.417, +7.452,+0.976
1628389200,+3.52,+16.400, +7.410,+0.975
1628389800,+3.52,+16.391, +7.391,+0.976
1628390400,+3.52,+16.391, +7.359,+0.976
1628391000,+3.52,+16.366, +7.334,+0.976
1628391600,+3.52,+16.357, +7.310,+0.976
1628392200,+3.52,+16.383, +7.290,+0.976
1628392800,+3.52,+16.374, +7.274,+0.976
1628393400,+3.52,+16.357, +7.252,+0.976
1628394000,+3.52,+16.357, +7.225,+0.975
1628394600,+3.52,+16.349, +7.208,+0.975
1628395200,+3.52,+16.332, +7.197,+0.976
1628395800,+3.52,+16.332, +7.176,+0.976
1628396400,+3.52,+16.315, +7.168,+0.976
1628397000,+3.52,+16.297, +7.162,+0.976
1628397600,+3.52,+16.315, +7.157,+0.976
1628398200,+3.52,+16.315, +7.132,+0.976
1628398800,+3.52,+16.315, +7.118,+0.976
1628399400,+3.52,+16.340, +7.100,+0.975
1628400000,+3.52,+16.297, +7.102,+0.976
1628400600,+3.52,+16.297, +7.096,+0.976
1628401200,+3.52,+16.297, +7.084,+0.976
1628401800,+3.52,+16.306, +7.071,+0.976
1628402400,+3.52,+16.280, +7.074,+0.976
1628403000,+3.52,+16.272, +7.068,+0.976
1628403600,+3.52,+16.280, +7.055,+0.975
1628404200,+3.52,+16.280, +7.049,+0.976
1628404800,+3.52,+16.289, +7.046,+0.976
1628405400,+3.52,+16.272, +7.046,+0.976
1628406000,+3.52,+16.280, +7.037,+0.976
1628406600,+3.52,+16.280, +7.034,+0.976
1628407200,+3.52,+16.280, +7.029,+0.976
1628407800,+3.52,+16.263, +7.025,+0.976
1628408400,+3.52,+16.255, +7.026,+0.976
1628409000,+3.52,+16.272, +7.018,+0.976
1628409600,+3.52,+16.272, +7.016,+0.976
1628410200,+3.52,+16.280, +7.012,+0.976
1628410800,+3.52,+16.272, +7.017,+0.976
1628411400,+3.52,+16.255, +7.010,+0.976
1628412000,+3.52,+16.289, +7.002,+0.976
1628412600,+3.52,+16.315, +6.998,+0.976
1628413200,+3.52,+16.297, +6.995,+0.976
1628413800,+3.52,+16.297, +6.995,+0.976
1628414400,+3.52,+16.280, +6.996,+0.976
1628415000,+3.52,+16.297, +6.990,+0.976
1628415600,+3.52,+16.272, +6.991,+0.976
1628416200,+3.52,+16.280, +6.988,+0.976
1628416800,+3.52,+16.263, +6.988,+0.976
1628417400,+3.52,+16.306, +6.988,+0.976
1628418000,+3.52,+16.297, +6.982,+0.975
1628418600,+3.51,+16.297, +6.994,+0.976
1628419200,+3.51,+16.340, +6.974,+0.976
1628419800,+3.52,+16.323, +6.981,+0.976
1628420400,+3.51,+16.332, +6.988,+0.976
1628421000,+3.51,+16.340, +6.975,+0.976
1628421600,+3.51,+16.332, +6.975,+0.976
1628422200,+3.51,+16.349, +6.979,+0.976
1628422800,+3.51,+16.357, +6.969,+0.976
1628423400,+3.51,+16.383, +6.972,+0.976
1628424000,+3.51,+16.349, +6.972,+0.976
1628424600,+3.51,+16.332, +6.968,+0.976
1628425200,+3.51,+16.357, +6.966,+0.975
1628425800,+3.51,+16.349, +6.976,+0.976
1628426400,+3.51,+16.332, +6.981,+0.976
1628427000,+3.51,+16.323, +7.003,+0.976
1628427600,+3.51,+16.332, +7.056,+0.976
1628428200,+3.51,+16.323, +7.117,+0.976
1628428800,+3.51,+16.332, +7.176,+0.976
1628429400,+3.51,+16.323, +7.235,+0.976
1628430000,+3.51,+16.315, +7.287,+0.976
1628430600,+3.51,+16.332, +7.339,+0.976
1628431200,+3.51,+16.349, +7.371,+0.975
1628431800,+3.51,+16.349, +7.421,+0.975
1628432400,+3.51,+16.340, +7.464,+0.976
1628433000,+3.51,+16.349, +7.496,+0.976
1628433600,+3.51,+16.383, +7.528,+0.975
1628434200,+3.51,+16.357, +7.567,+0.976
1628434800,+3.51,+16.357, +7.597,+0.976
1628435400,+3.51,+16.349, +7.630,+0.976
1628436000,+3.51,+16.340, +7.653,+0.976
1628436600,+3.51,+16.349, +7.674,+0.975
1628437200,+3.51,+16.332, +7.706,+0.976
1628437800,+3.51,+16.315, +7.735,+0.976
