7450-488982
OS REV: 1.05 Sensor Cal: 1617726954
Time (sec),  BV (Volts),  T (deg C),  DO (mg/l),  Q ()
1628204100,+3.55,+24.621, +6.842,+0.951
1628204700,+3.55,+24.462, +6.870,+0.951
1628205300,+3.55,+24.311, +6.901,+0.951
1628205900,+3.55,+24.193, +6.916,+0.951
1628206500,+3.55,+24.126, +6.929,+0.951
1628207100,+3.55,+24.042, +6.937,+0.951
1628207700,+3.55,+24.000, +6.940,+0.951
1628208300,+3.55,+23.950, +6.947,+0.951
1628208900,+3.55,+23.883, +6.955,+0.951
1628209500,+3.55,+23.858, +6.951,+0.951
1628210100,+3.55,+23.849, +6.952,+0.951
1628210700,+3.55,+23.799, +6.955,+0.951
1628211300,+3.55,+23.816, +6.960,+0.951
1628211900,+3.55,+23.791, +6.961,+0.951
1628212500,+3.55,+23.782, +6.966,+0.951
1628213100,+3.55,+23.799, +6.962,+0.951
1628213700,+3.55,+23.824, +6.959,+0.951
1628214300,+3.55,+23.833, +6.955,+0.951
1628214900,+3.55,+23.849, +6.955,+0.951
1628215500,+3.55,+23.866, +6.963,+0.951
1628216100,+3.55,+23.883, +6.956,+0.951
1628216700,+3.55,+23.925, +6.962,+0.951
1628217300,+3.55,+23.933, +6.966,+0.951
1628217900,+3.55,+23.958, +6.960,+0.951
1628218500,+3.55,+24.034, +6.948,+0.951
1628219100,+3.55,+24.059, +6.939,+0.951
1628219700,+3.55,+24.118, +6.942,+0.951
1628220300,+3.55,+24.143, +6.944,+0.951
1628220900,+3.55,+24.176, +6.933,+0.951
1628221500,+3.55,+24.193, +6.939,+0.951
1628222100,+3.55,+24.202, +6.928,+0.951
1628222700,+3.55,+24.218, +6.924,+0.950
1628223300,+3.55,+24.218, +6.926,+0.951
1628223900,+3.55,+24.252, +6.922,+0.951
1628224500,+3.55,+24.260, +6.916,+0.951
1628225100,+3.55,+24.269, +6.913,+0.951
1628225700,+3.55,+24.294, +6.904,+0.951
1628226300,+3.55,+24.294, +6.906,+0.951
1628226900,+3.55,+24.294, +6.913,+0.951
1628227500,+3.55,+24.328, +6.906,+0.951
1628228100,+3.55,+24.311, +6.908,+0.951
1628228700,+3.55,+24.319, +6.915,+0.951
1628229300,+3.55,+24.328, +6.910,+0.950
1628229900,+3.55,+24.361, +6.913,+0.951
1628230500,+3.55,+24.353, +6.912,+0.951
1628231100,+3.55,+24.361, +6.914,+0.951
1628231700,+3.55,+24.361, +6.907,+0.951
1628232300,+3.55,+24.378, +6.904,+0.951
1628232900,+3.55,+24.403, +6.908,+0.951
1628233500,+3.55,+24.395, +6.910,+0.951
1628234100,+3.55,+24.403, +6.907,+0.951
1628234700,+3.55,+24.403, +6.903,+0.951
1628235300,+3.55,+24.420, +6.900,+0.951
1628235900,+3.55,+24.412, +6.906,+0.951
1628236500,+3.55,+24.420, +6.908,+0.951
1628237100,+3.55,+24.403, +6.902,+0.951
1628237700,+3.55,+24.428, +6.911,+0.951
1628238300,+3.55,+24.412, +6.904,+0.951
1628238900,+3.55,+24.420, +6.904,+0.951
1628239500,+3.55,+24.428, +6.905,+0.951
1628240100,+3.55,+24.445, +6.904,+0.951
1628240700,+3.55,+24.445, +6.911,+0.951
1628241300,+3.55,+24.428, +6.905,+0.951
1628241900,+3.55,+24.445, +6.903,+0.951
1628242500,+3.55,+24.454, +6.894,+0.951
1628243100,+3.55,+24.445, +6.894,+0.951
1628243700,+3.55,+24.437, +6.886,+0.951
1628244300,+3.55,+24.454, +6.880,+0.951
1628244900,+3.55,+24.445, +6.886,+0.951
1628245500,+3.55,+24.437, +6.884,+0.951
1628246100,+3.55,+24.437, +6.886,+0.951
1628246700,+3.55,+24.437, +6.881,+0.951
1628247300,+3.55,+24.420, +6.889,+0.951
1628247900,+3.55,+24.412, +6.893,+0.951
1628248500,+3.55,+24.412, +6.897,+0.951
1628249100,+3.55,+24.428, +6.895,+0.951
1628249700,+3.55,+24.412, +6.900,+0.951
1628250300,+3.55,+24.412, +6.904,+0.951
1628250900,+3.55,+24.420, +6.898,+0.951
1628251500,+3.55,+24.386, +6.904,+0.950
1628252100,+3.55,+24.412, +6.902,+0.951
1628252700,+3.55,+24.412, +6.902,+0.950
1628253300,+3.55,+24.386, +6.913,+0.951
1628253900,+3.55,+24.378, +6.915,+0.951
1628254500,+3.55,+24.328, +6.925,+0.951
1628255100,+3.54,+24.252, +6.939,+0.951
1628255700,+3.54,+24.210, +6.946,+0.951
1628256300,+3.54,+24.176, +6.944,+0.951
1628256900,+3.54,+24.135, +6.953,+0.951
1628257500,+3.54,+24.118, +6.953,+0.951
1628258100,+3.55,+24.109, +6.956,+0.951
1628258700,+3.54,+24.076, +6.961,+0.951
1628259300,+3.55,+24.059, +6.962,+0.951
1628259900,+3.54,+24.059, +6.955,+0.951
1628260500,+3.55,+24.017, +6.960,+0.951
1628261100,+3.55,+23.992, +6.963,+0.951
1628261700,+3.55,+23.967, +6.965,+0.951
1628262300,+3.55,+23.958, +6.965,+0.951
1628262900,+3.55,+23.958, +6.963,+0.951
1628263500,+3.55,+23.984, +6.940,+0.951
1628264100,+3.54,+24.059, +6.927,+0.951
1628264700,+3.54,+24.101, +6.900,+0.950
1628265300,+3.54,+24.151, +6.895,+0.951
1628265900,+3.54,+24.176, +6.892,+0.951
1628266500,+3.54,+24.210, +6.878,+0.951
1628267100,+3.54,+24.202, +6.886,+0.951
1628267700,+3.54,+24.244, +6.876,+0.950
1628268300,+3.55,+24.621, +6.854,+0.951
1628268900,+3.55,+24.731, +6.841,+0.950
1628269500,+3.55,+24.697, +6.844,+0.950
1628270100,+3.55,+24.697, +6.857,+0.951
1628270700,+3.55,+24.689, +6.875,+0.951
1628271300,+3.54,+25.101, +6.840,+0.951
1628271900,+3.54,+25.042, +6.852,+0.951
1628272500,+3.55,+24.916, +6.864,+0.951
1628273100,+3.55,+24.823, +6.879,+0.951
1628273700,+3.55,+24.722, +6.887,+0.951
1628274300,+3.55,+24.689, +6.890,+0.951
1628274900,+3.55,+24.630, +6.902,+0.951
1628275500,+3.55,+24.588, +6.913,+0.952
1628276100,+3.55,+24.529, +6.903,+0.951
1628276700,+3.55,+24.462, +6.904,+0.951
1628277300,+3.55,+24.470, +6.890,+0.951
1628277900,+3.55,+24.428, +6.902,+0.951
1628278500,+3.55,+24.412, +6.902,+0.951
1628279100,+3.55,+24.378, +6.901,+0.951
1628279700,+3.55,+24.370, +6.903,+0.951
1628280300,+3.54,+24.076, +6.929,+0.951
1628280900,+3.56,+16.750, +6.819,+0.948
1628281500,+3.56,+16.317, +6.944,+0.950
1628282100,+3.56,+16.257, +7.000,+0.950
1628282700,+3.56,+16.249, +7.039,+0.950
1628283300,+3.56,+16.214, +7.085,+0.950
1628283900,+3.56,+16.231, +7.114,+0.950
1628284500,+3.56,+16.197, +7.148,+0.950
1628285100,+3.56,+16.223, +7.167,+0.950
1628285700,+3.56,+16.231, +7.197,+0.950
1628286300,+3.56,+16.240, +7.215,+0.949
1628286900,+3.56,+16.223, +7.245,+0.949
1628287500,+3.56,+16.231, +7.267,+0.949
1628288100,+3.56,+16.231, +7.292,+0.949
1628288700,+3.56,+16.240, +7.312,+0.949
1628289300,+3.56,+16.231, +7.345,+0.949
1628289900,+3.56,+16.223, +7.378,+0.949
1628290500,+3.55,+16.240, +7.396,+0.949
