7450-488982
OS REV: 1.05 Sensor Cal: 1617726954
Time (sec),  BV (Volts),  T (deg C),  DO (mg/l),  Q ()
1631139960,+3.52,+16.180, +8.292,+0.946
1631140560,+3.52,+16.172, +8.290,+0.946
1631141160,+3.52,+16.206, +8.289,+0.946
1631141760,+3.52,+16.155, +8.293,+0.946
1631142360,+3.52,+16.172, +8.292,+0.946
1631142960,+3.52,+16.189, +8.281,+0.946
1631143560,+3.52,+16.180, +8.272,+0.946
1631144160,+3.52,+16.197, +8.273,+0.946
1631144760,+3.52,+16.146, +8.285,+0.946
1631145360,+3.52,+16.180, +8.267,+0.946
1631145960,+3.52,+16.163, +8.273,+0.946
1631146560,+3.52,+16.189, +8.261,+0.946
1631147160,+3.52,+16.155, +8.267,+0.946
1631147760,+3.52,+16.180, +8.260,+0.946
1631148360,+3.52,+16.172, +8.250,+0.946
1631148960,+3.52,+16.180, +8.143,+0.946
1631149560,+3.52,+16.155, +8.038,+0.946
1631150160,+3.52,+16.112, +7.952,+0.946
1631150760,+3.52,+16.129, +7.876,+0.946
1631151360,+3.52,+16.087, +7.818,+0.947
1631151960,+3.52,+16.121, +7.739,+0.946
1631152560,+3.52,+16.087, +7.685,+0.946
1631153160,+3.52,+16.104, +7.630,+0.946
1631153760,+3.52,+16.061, +7.589,+0.946
1631154360,+3.52,+16.078, +7.551,+0.946
1631154960,+3.52,+16.078, +7.499,+0.946
1631155560,+3.52,+16.095, +7.465,+0.946
1631156160,+3.52,+16.061, +7.434,+0.946
1631156760,+3.52,+16.078, +7.413,+0.946
1631157360,+3.52,+16.053, +7.387,+0.946
1631157960,+3.52,+16.078, +7.364,+0.946
1631158560,+3.52,+16.070, +7.343,+0.946
1631159160,+3.52,+16.078, +7.320,+0.946
1631159760,+3.52,+16.061, +7.305,+0.946
1631160360,+3.52,+16.070, +7.288,+0.946
1631160960,+3.52,+16.053, +7.275,+0.946
1631161560,+3.52,+16.053, +7.243,+0.945
1631162160,+3.52,+16.061, +7.255,+0.946
1631162760,+3.52,+16.018, +7.258,+0.946
1631163360,+3.52,+16.061, +7.240,+0.946
1631163960,+3.52,+16.035, +7.230,+0.946
1631164560,+3.52,+16.061, +7.226,+0.946
1631165160,+3.52,+16.061, +7.209,+0.946
1631165760,+3.52,+16.035, +7.203,+0.946
1631166360,+3.52,+16.053, +7.211,+0.946
1631166960,+3.52,+16.044, +7.206,+0.946
1631167560,+3.52,+16.035, +7.204,+0.946
1631168160,+3.52,+16.044, +7.192,+0.946
1631168760,+3.52,+16.044, +7.183,+0.946
1631169360,+3.52,+16.044, +7.192,+0.946
1631169960,+3.52,+16.044, +7.181,+0.946
1631170560,+3.52,+16.035, +7.180,+0.946
1631171160,+3.52,+16.061, +7.182,+0.946
1631171760,+3.52,+16.044, +7.181,+0.946
1631172360,+3.52,+16.044, +7.184,+0.946
1631172960,+3.52,+16.053, +7.176,+0.946
1631173560,+3.52,+16.027, +7.177,+0.946
1631174160,+3.52,+16.061, +7.182,+0.947
1631174760,+3.52,+16.053, +7.181,+0.947
1631175360,+3.52,+16.027, +7.177,+0.946
1631175960,+3.52,+16.044, +7.184,+0.946
1631176560,+3.52,+16.035, +7.172,+0.946
1631177160,+3.52,+16.010, +7.178,+0.946
1631177760,+3.52,+16.044, +7.179,+0.946
1631178360,+3.52,+16.044, +7.167,+0.946
1631178960,+3.52,+16.044, +7.177,+0.946
1631179560,+3.52,+16.044, +7.180,+0.946
1631180160,+3.52,+16.044, +7.176,+0.946
1631180760,+3.52,+16.053, +7.171,+0.946
1631181360,+3.52,+16.035, +7.177,+0.946
1631181960,+3.52,+16.078, +7.171,+0.946
1631182560,+3.52,+16.061, +7.174,+0.946
1631183160,+3.52,+16.044, +6.943,+0.944
1631183760,+3.52,+16.070, +7.167,+0.945
1631184360,+3.52,+16.053, +7.167,+0.945
1631184960,+3.52,+16.061, +7.186,+0.946
1631185560,+3.52,+16.044, +7.186,+0.946
1631186160,+3.52,+16.044, +7.177,+0.946
1631186760,+3.52,+16.053, +7.184,+0.946
1631187360,+3.52,+16.053, +7.182,+0.946
1631187960,+3.52,+16.078, +7.177,+0.946
1631188560,+3.52,+16.061, +7.182,+0.946
1631189160,+3.52,+16.044, +7.183,+0.946
1631189760,+3.52,+16.070, +7.191,+0.946
1631190360,+3.52,+16.044, +7.187,+0.946
1631190960,+3.52,+16.078, +7.187,+0.946
1631191560,+3.52,+16.078, +7.196,+0.946
1631192160,+3.52,+16.095, +7.200,+0.946
1631192760,+3.52,+16.087, +7.299,+0.946
1631193360,+3.52,+16.112, +7.381,+0.946
1631193960,+3.52,+16.129, +7.473,+0.946
1631194560,+3.52,+16.121, +7.547,+0.946
1631195160,+3.52,+16.155, +7.629,+0.947
1631195760,+3.52,+16.146, +7.681,+0.946
1631196360,+3.52,+16.155, +7.743,+0.946
1631196960,+3.52,+16.172, +7.799,+0.946
1631197560,+3.52,+16.155, +7.833,+0.946
1631198160,+3.52,+16.180, +7.882,+0.946
1631198760,+3.52,+16.172, +7.930,+0.947
1631199360,+3.52,+16.180, +7.948,+0.946
1631199960,+3.52,+16.180, +7.983,+0.946
1631200560,+3.52,+16.180, +8.012,+0.946
1631201160,+3.52,+16.163, +8.036,+0.946
1631201760,+3.52,+16.172, +8.073,+0.946
1631202360,+3.52,+16.155, +8.087,+0.946
1631202960,+3.52,+16.172, +8.110,+0.946
1631203560,+3.52,+16.138, +8.139,+0.947
1631204160,+3.52,+16.172, +8.135,+0.946
1631204760,+3.52,+16.146, +8.159,+0.946
1631205360,+3.52,+16.155, +8.185,+0.947
1631205960,+3.52,+16.155, +8.187,+0.946
1631206560,+3.52,+16.163, +8.196,+0.946
1631207160,+3.52,+16.155, +8.218,+0.947
1631207760,+3.52,+16.172, +8.218,+0.946
1631208360,+3.52,+16.146, +8.236,+0.947
1631208960,+3.52,+16.180, +8.241,+0.946
1631209560,+3.52,+16.155, +8.244,+0.946
1631210160,+3.52,+16.172, +8.256,+0.946
1631210760,+3.52,+16.163, +8.259,+0.946
1631211360,+3.52,+16.197, +8.258,+0.946
1631211960,+3.52,+16.172, +8.280,+0.946
1631212560,+3.52,+16.189, +8.270,+0.946
1631213160,+3.52,+16.189, +8.287,+0.946
1631213760,+3.52,+16.189, +8.282,+0.946
1631214360,+3.52,+16.197, +8.286,+0.946
1631214960,+3.52,+16.189, +8.299,+0.946
1631215560,+3.52,+16.197, +8.293,+0.946
1631216160,+3.52,+16.197, +8.299,+0.946
1631216760,+3.52,+16.197, +8.298,+0.946
1631217360,+3.52,+16.206, +8.300,+0.946
1631217960,+3.52,+16.206, +8.296,+0.946
1631218560,+3.52,+16.206, +8.314,+0.946
1631219160,+3.52,+16.189, +8.310,+0.946
1631219760,+3.52,+16.197, +8.319,+0.946
1631220360,+3.52,+16.197, +8.323,+0.946
1631220960,+3.52,+16.197, +8.318,+0.946
1631221560,+3.52,+16.197, +8.327,+0.946
1631222160,+3.52,+16.180, +8.322,+0.946
1631222760,+3.52,+16.172, +8.325,+0.946
1631223360,+3.52,+16.180, +8.324,+0.946
1631223960,+3.52,+16.189, +8.325,+0.946
1631224560,+3.52,+16.172, +8.326,+0.946
1631225160,+3.52,+16.197, +8.326,+0.946
1631225760,+3.52,+16.189, +8.317,+0.946
1631226360,+3.52,+16.180, +8.337,+0.947
