7450-511686
OS REV: 1.05 Sensor Cal: 1617730305
Time (sec),  BV (Volts),  T (deg C),  DO (mg/l),  Q ()
1630700760,+3.52,+15.870, +8.305,+0.933
1630701360,+3.52,+15.904, +8.292,+0.933
1630701960,+3.52,+15.946, +8.265,+0.933
1630702560,+3.52,+15.964, +8.267,+0.933
1630703160,+3.52,+15.998, +8.249,+0.933
1630703760,+3.52,+16.023, +8.241,+0.934
1630704360,+3.52,+16.032, +8.240,+0.934
1630704960,+3.52,+16.023, +8.226,+0.933
1630705560,+3.52,+16.023, +8.223,+0.934
1630706160,+3.52,+16.023, +8.202,+0.933
1630706760,+3.52,+16.015, +8.206,+0.933
1630707360,+3.52,+16.057, +8.199,+0.934
1630707960,+3.52,+16.057, +8.195,+0.934
1630708560,+3.52,+16.057, +8.190,+0.934
1630709160,+3.52,+16.023, +8.181,+0.933
1630709760,+3.52,+16.032, +8.187,+0.934
1630710360,+3.52,+16.032, +8.187,+0.933
1630710960,+3.52,+16.032, +8.183,+0.933
1630711560,+3.52,+16.049, +8.158,+0.933
1630712160,+3.52,+16.057, +8.141,+0.933
1630712760,+3.52,+16.049, +8.122,+0.933
1630713360,+3.52,+16.032, +8.099,+0.933
1630713960,+3.52,+16.023, +8.073,+0.933
1630714560,+3.52,+16.040, +8.052,+0.933
1630715160,+3.52,+16.057, +8.016,+0.933
1630715760,+3.52,+16.015, +7.999,+0.933
1630716360,+3.52,+15.981, +7.985,+0.933
1630716960,+3.52,+15.989, +7.931,+0.934
1630717560,+3.52,+15.964, +7.869,+0.934
1630718160,+3.52,+15.929, +7.821,+0.933
1630718760,+3.52,+15.955, +7.760,+0.933
1630719360,+3.52,+15.921, +7.721,+0.933
1630719960,+3.52,+15.964, +7.667,+0.934
1630720560,+3.52,+15.938, +7.629,+0.933
1630721160,+3.52,+15.955, +7.586,+0.933
1630721760,+3.52,+15.946, +7.547,+0.933
1630722360,+3.52,+15.938, +7.518,+0.934
1630722960,+3.52,+15.946, +7.488,+0.934
1630723560,+3.52,+15.955, +7.455,+0.933
1630724160,+3.52,+15.955, +7.417,+0.933
1630724760,+3.52,+15.955, +7.396,+0.933
1630725360,+3.52,+15.938, +7.376,+0.933
1630725960,+3.52,+15.955, +7.354,+0.934
1630726560,+3.52,+15.964, +7.335,+0.934
1630727160,+3.52,+15.955, +7.298,+0.933
1630727760,+3.52,+15.964, +7.289,+0.934
1630728360,+3.52,+15.946, +7.281,+0.934
1630728960,+3.52,+15.964, +7.251,+0.933
1630729560,+3.52,+15.964, +7.245,+0.934
1630730160,+3.52,+15.955, +7.230,+0.934
1630730760,+3.52,+15.964, +7.213,+0.934
1630731360,+3.52,+15.964, +7.203,+0.933
1630731960,+3.52,+15.964, +7.187,+0.933
1630732560,+3.52,+15.972, +7.176,+0.933
1630733160,+3.52,+15.972, +7.170,+0.933
1630733760,+3.52,+15.946, +7.164,+0.934
1630734360,+3.52,+15.955, +7.165,+0.934
1630734960,+3.52,+15.964, +7.154,+0.933
1630735560,+3.52,+15.929, +7.150,+0.933
1630736160,+3.52,+15.981, +7.140,+0.934
1630736760,+3.52,+15.964, +7.141,+0.934
1630737360,+3.52,+15.946, +7.133,+0.934
1630737960,+3.52,+15.972, +7.128,+0.933
1630738560,+3.52,+15.972, +7.124,+0.933
1630739160,+3.52,+15.946, +7.116,+0.933
1630739760,+3.52,+15.946, +7.117,+0.933
1630740360,+3.52,+15.955, +7.122,+0.933
1630740960,+3.52,+15.938, +7.114,+0.933
1630741560,+3.52,+15.955, +7.117,+0.934
1630742160,+3.52,+15.964, +7.112,+0.933
1630742760,+3.52,+15.946, +7.112,+0.934
1630743360,+3.52,+15.955, +7.111,+0.933
1630743960,+3.52,+15.955, +7.110,+0.933
1630744560,+3.52,+15.938, +7.109,+0.933
1630745160,+3.52,+15.955, +7.109,+0.933
1630745760,+3.52,+15.964, +7.114,+0.933
1630746360,+3.52,+15.964, +7.113,+0.933
1630746960,+3.52,+15.964, +7.112,+0.934
1630747560,+3.52,+15.964, +7.119,+0.934
1630748160,+3.52,+15.964, +7.121,+0.933
1630748760,+3.52,+15.946, +7.124,+0.934
1630749360,+3.52,+15.964, +7.121,+0.933
1630749960,+3.52,+15.972, +7.127,+0.933
1630750560,+3.52,+15.946, +7.133,+0.933
1630751160,+3.52,+15.972, +7.128,+0.934
1630751760,+3.52,+15.955, +7.138,+0.933
1630752360,+3.52,+15.972, +7.137,+0.933
1630752960,+3.52,+15.964, +7.133,+0.933
1630753560,+3.52,+15.964, +7.142,+0.933
1630754160,+3.52,+15.989, +7.143,+0.933
1630754760,+3.52,+15.964, +7.160,+0.934
1630755360,+3.52,+15.964, +7.149,+0.933
1630755960,+3.52,+15.946, +7.160,+0.933
1630756560,+3.52,+15.972, +7.165,+0.934
1630757160,+3.52,+15.955, +7.175,+0.934
1630757760,+3.52,+15.955, +7.166,+0.933
1630758360,+3.52,+15.972, +7.173,+0.933
1630758960,+3.52,+15.955, +7.183,+0.934
1630759560,+3.52,+15.981, +7.187,+0.934
1630760160,+3.52,+15.964, +7.203,+0.934
1630760760,+3.52,+15.964, +7.250,+0.933
1630761360,+3.52,+15.981, +7.304,+0.934
1630761960,+3.52,+15.972, +7.345,+0.934
1630762560,+3.52,+15.989, +7.390,+0.934
1630763160,+3.52,+15.972, +7.415,+0.933
1630763760,+3.52,+15.998, +7.455,+0.933
1630764360,+3.52,+15.989, +7.492,+0.933
1630764960,+3.52,+15.981, +7.518,+0.933
1630765560,+3.52,+16.006, +7.545,+0.933
1630766160,+3.52,+15.998, +7.574,+0.933
1630766760,+3.52,+15.998, +7.590,+0.933
1630767360,+3.52,+16.015, +7.617,+0.934
1630767960,+3.52,+16.023, +7.629,+0.933
1630768560,+3.52,+16.006, +7.648,+0.933
1630769160,+3.52,+16.023, +7.671,+0.934
1630769760,+3.52,+16.040, +7.677,+0.933
1630770360,+3.52,+16.015, +7.702,+0.933
1630770960,+3.52,+16.006, +7.710,+0.933
1630771560,+3.52,+16.023, +7.721,+0.933
1630772160,+3.52,+16.023, +7.735,+0.934
1630772760,+3.52,+15.998, +7.744,+0.933
1630773360,+3.52,+16.032, +7.754,+0.933
1630773960,+3.52,+16.015, +7.776,+0.934
1630774560,+3.52,+16.006, +7.764,+0.933
1630775160,+3.52,+16.032, +7.776,+0.933
1630775760,+3.52,+16.032, +7.781,+0.933
1630776360,+3.52,+16.023, +7.789,+0.933
1630776960,+3.52,+16.032, +7.802,+0.934
1630777560,+3.52,+16.040, +7.805,+0.933
1630778160,+3.52,+16.015, +7.807,+0.933
1630778760,+3.52,+16.032, +7.809,+0.933
1630779360,+3.52,+16.032, +7.821,+0.934
1630779960,+3.52,+16.006, +7.821,+0.934
1630780560,+3.52,+16.015, +7.825,+0.933
1630781160,+3.52,+16.040, +7.828,+0.933
1630781760,+3.52,+16.049, +7.835,+0.933
1630782360,+3.52,+16.023, +7.831,+0.933
1630782960,+3.52,+16.040, +7.832,+0.933
1630783560,+3.52,+16.032, +7.843,+0.933
1630784160,+3.52,+16.023, +7.853,+0.934
1630784760,+3.52,+16.015, +7.845,+0.933
1630785360,+3.52,+16.066, +7.836,+0.933
1630785960,+3.52,+16.049, +7.850,+0.933
1630786560,+3.52,+16.049, +7.847,+0.933
1630787160,+3.52,+16.023, +7.856,+0.934
