7450-511686
OS REV: 1.05 Sensor Cal: 1617730305
Time (sec),  BV (Volts),  T (deg C),  DO (mg/l),  Q ()
1628899980,+3.53,+16.049, +8.191,+0.935
1628900580,+3.53,+16.032, +8.184,+0.935
1628901180,+3.53,+16.040, +8.162,+0.935
1628901780,+3.53,+16.006, +8.174,+0.935
1628902380,+3.53,+15.955, +8.136,+0.936
1628902980,+3.53,+15.878, +8.092,+0.936
1628903580,+3.53,+15.878, +8.047,+0.936
1628904180,+3.53,+15.861, +7.995,+0.936
1628904780,+3.53,+15.861, +7.957,+0.935
1628905380,+3.53,+15.844, +7.933,+0.936
1628905980,+3.53,+15.861, +7.883,+0.936
1628906580,+3.53,+15.887, +7.857,+0.936
1628907180,+3.53,+15.895, +7.827,+0.936
1628907780,+3.53,+15.878, +7.780,+0.935
1628908380,+3.53,+15.904, +7.759,+0.935
1628908980,+3.53,+15.912, +7.742,+0.936
1628909580,+3.53,+15.904, +7.709,+0.936
1628910180,+3.53,+15.912, +7.696,+0.936
1628910780,+3.53,+15.878, +7.669,+0.936
1628911380,+3.53,+15.938, +7.635,+0.936
1628911980,+3.53,+15.861, +7.625,+0.935
1628912580,+3.53,+15.904, +7.603,+0.936
1628913180,+3.53,+15.852, +7.589,+0.936
1628913780,+3.53,+15.844, +7.572,+0.935
1628914380,+3.53,+15.870, +7.556,+0.935
1628914980,+3.53,+15.852, +7.551,+0.936
1628915580,+3.53,+15.861, +7.527,+0.936
1628916180,+3.53,+15.835, +7.521,+0.936
1628916780,+3.53,+15.861, +7.513,+0.936
1628917380,+3.53,+15.844, +7.497,+0.936
1628917980,+3.53,+15.818, +7.487,+0.936
1628918580,+3.53,+15.852, +7.483,+0.936
1628919180,+3.53,+15.835, +7.465,+0.936
1628919780,+3.53,+15.835, +7.461,+0.936
1628920380,+3.53,+15.818, +7.456,+0.936
1628920980,+3.53,+15.844, +7.447,+0.936
1628921580,+3.53,+15.827, +7.440,+0.936
1628922180,+3.53,+15.827, +7.435,+0.936
1628922780,+3.53,+15.835, +7.437,+0.936
1628923380,+3.53,+15.844, +7.422,+0.936
1628923980,+3.53,+15.818, +7.425,+0.936
1628924580,+3.53,+15.801, +7.421,+0.936
1628925180,+3.53,+15.844, +7.414,+0.936
1628925780,+3.53,+15.852, +7.404,+0.936
1628926380,+3.53,+15.818, +7.400,+0.935
1628926980,+3.53,+15.793, +7.400,+0.936
1628927580,+3.53,+15.827, +7.408,+0.936
1628928180,+3.53,+15.818, +7.391,+0.936
1628928780,+3.53,+15.861, +7.389,+0.936
1628929380,+3.53,+15.835, +7.379,+0.935
1628929980,+3.53,+15.810, +7.386,+0.935
1628930580,+3.53,+15.810, +7.386,+0.936
1628931180,+3.53,+15.835, +7.385,+0.936
1628931780,+3.53,+15.827, +7.378,+0.936
1628932380,+3.53,+15.818, +7.377,+0.936
1628932980,+3.53,+15.801, +7.381,+0.936
1628933580,+3.53,+15.844, +7.378,+0.936
1628934180,+3.53,+15.827, +7.377,+0.936
1628934780,+3.53,+15.870, +7.371,+0.936
1628935380,+3.53,+15.827, +7.372,+0.936
1628935980,+3.53,+15.878, +7.367,+0.936
1628936580,+3.53,+15.852, +7.360,+0.936
1628937180,+3.53,+15.878, +7.359,+0.935
1628937780,+3.53,+15.835, +7.360,+0.935
1628938380,+3.53,+15.861, +7.371,+0.936
1628938980,+3.53,+15.844, +7.364,+0.936
1628939580,+3.53,+15.818, +7.359,+0.935
1628940180,+3.53,+15.801, +7.366,+0.936
1628940780,+3.53,+15.861, +7.362,+0.936
1628941380,+3.53,+15.844, +7.348,+0.935
1628941980,+3.53,+15.870, +7.357,+0.935
1628942580,+3.53,+15.827, +7.360,+0.936
1628943180,+3.53,+15.878, +7.360,+0.936
1628943780,+3.53,+15.844, +7.360,+0.936
1628944380,+3.53,+15.861, +7.365,+0.936
1628944980,+3.53,+15.835, +7.362,+0.936
1628945580,+3.53,+15.895, +7.359,+0.936
1628946180,+3.53,+15.852, +7.404,+0.936
1628946780,+3.53,+15.895, +7.453,+0.936
1628947380,+3.53,+15.904, +7.485,+0.935
1628947980,+3.53,+15.852, +7.535,+0.935
1628948580,+3.53,+15.887, +7.576,+0.935
1628949180,+3.53,+15.852, +7.610,+0.935
1628949780,+3.53,+15.878, +7.657,+0.935
1628950380,+3.53,+15.921, +7.695,+0.936
1628950980,+3.53,+15.904, +7.722,+0.936
1628951580,+3.52,+15.938, +7.755,+0.936
1628952180,+3.53,+15.955, +7.776,+0.935
1628952780,+3.53,+15.929, +7.811,+0.936
1628953380,+3.53,+15.946, +7.819,+0.935
1628953980,+3.53,+15.955, +7.855,+0.936
1628954580,+3.52,+15.964, +7.872,+0.935
1628955180,+3.53,+15.964, +7.896,+0.935
1628955780,+3.52,+15.981, +7.912,+0.935
1628956380,+3.53,+15.964, +7.931,+0.935
1628956980,+3.53,+15.972, +7.947,+0.935
1628957580,+3.53,+15.972, +7.961,+0.935
1628958180,+3.53,+15.972, +7.982,+0.935
1628958780,+3.52,+15.981, +8.000,+0.936
1628959380,+3.53,+15.964, +8.020,+0.936
1628959980,+3.53,+15.964, +8.025,+0.935
1628960580,+3.52,+15.955, +8.045,+0.936
1628961180,+3.53,+15.964, +8.054,+0.936
1628961780,+3.53,+15.998, +8.050,+0.935
1628962380,+3.52,+16.049, +8.037,+0.935
1628962980,+3.52,+16.092, +8.043,+0.936
1628963580,+3.52,+16.083, +8.026,+0.936
1628964180,+3.52,+16.126, +8.019,+0.935
1628964780,+3.52,+16.100, +8.024,+0.936
1628965380,+3.52,+16.092, +8.014,+0.936
1628965980,+3.52,+16.083, +8.006,+0.935
1628966580,+3.52,+16.117, +8.001,+0.935
1628967180,+3.52,+16.134, +7.999,+0.936
1628967780,+3.52,+16.100, +7.996,+0.935
1628968380,+3.52,+16.100, +7.988,+0.935
1628968980,+3.52,+16.075, +7.981,+0.935
1628969580,+3.52,+16.092, +7.985,+0.936
1628970180,+3.52,+16.066, +7.983,+0.936
1628970780,+3.52,+16.066, +7.975,+0.935
1628971380,+3.52,+16.075, +7.970,+0.935
1628971980,+3.52,+16.057, +7.970,+0.936
1628972580,+3.52,+16.057, +7.960,+0.935
1628973180,+3.52,+16.049, +7.964,+0.936
1628973780,+3.52,+16.049, +7.964,+0.936
1628974380,+3.52,+16.040, +7.962,+0.936
1628974980,+3.52,+16.023, +7.963,+0.936
1628975580,+3.52,+16.032, +7.958,+0.936
1628976180,+3.52,+16.032, +7.955,+0.935
1628976780,+3.53,+16.032, +7.956,+0.936
1628977380,+3.52,+16.023, +7.950,+0.935
1628977980,+3.52,+16.023, +7.948,+0.935
1628978580,+3.52,+16.015, +7.953,+0.935
1628979180,+3.52,+16.015, +7.948,+0.935
1628979780,+3.52,+16.023, +7.939,+0.935
1628980380,+3.52,+16.032, +7.943,+0.936
1628980980,+3.52,+16.032, +7.930,+0.935
1628981580,+3.52,+16.023, +7.949,+0.936
1628982180,+3.52,+15.964, +7.951,+0.935
1628982780,+3.52,+15.998, +7.963,+0.936
1628983380,+3.52,+15.955, +7.980,+0.935
1628983980,+3.52,+15.929, +8.004,+0.936
1628984580,+3.52,+15.938, +7.996,+0.935
1628985180,+3.52,+15.946, +8.014,+0.936
1628985780,+3.52,+15.955, +8.019,+0.936
1628986380,+3.53,+15.946, +8.035,+0.936
