7450-511686
OS REV: 1.05 Sensor Cal: 1617730305
Time (sec),  BV (Volts),  T (deg C),  DO (mg/l),  Q ()
1628203980,+3.55,+25.218, +6.821,+0.946
1628204580,+3.55,+24.848, +6.870,+0.945
1628205180,+3.56,+24.621, +6.908,+0.946
1628205780,+3.56,+24.403, +6.935,+0.945
1628206380,+3.55,+24.269, +6.953,+0.946
1628206980,+3.55,+24.151, +6.960,+0.945
1628207580,+3.55,+24.050, +6.977,+0.946
1628208180,+3.55,+24.008, +6.980,+0.946
1628208780,+3.55,+23.925, +6.994,+0.946
1628209380,+3.55,+23.891, +6.991,+0.945
1628209980,+3.55,+23.841, +6.996,+0.946
1628210580,+3.55,+23.807, +6.998,+0.945
1628211180,+3.55,+23.790, +6.996,+0.945
1628211780,+3.56,+23.782, +7.002,+0.945
1628212380,+3.56,+23.782, +7.014,+0.946
1628212980,+3.56,+23.774, +7.007,+0.945
1628213580,+3.55,+23.807, +7.006,+0.945
1628214180,+3.55,+23.824, +7.001,+0.945
1628214780,+3.55,+23.816, +7.004,+0.945
1628215380,+3.55,+23.849, +6.997,+0.945
1628215980,+3.55,+23.858, +7.006,+0.945
1628216580,+3.55,+23.899, +7.004,+0.945
1628217180,+3.55,+23.925, +7.004,+0.945
1628217780,+3.55,+23.950, +6.995,+0.945
1628218380,+3.55,+23.983, +6.994,+0.945
1628218980,+3.55,+24.000, +6.994,+0.945
1628219580,+3.55,+24.059, +6.992,+0.945
1628220180,+3.55,+24.092, +6.989,+0.945
1628220780,+3.55,+24.134, +6.981,+0.945
1628221380,+3.55,+24.168, +6.971,+0.944
1628221980,+3.55,+24.193, +6.972,+0.945
1628222580,+3.55,+24.193, +6.980,+0.945
1628223180,+3.55,+24.210, +6.962,+0.944
1628223780,+3.55,+24.235, +6.958,+0.945
1628224380,+3.55,+24.252, +6.958,+0.945
1628224980,+3.55,+24.252, +6.958,+0.945
1628225580,+3.55,+24.243, +6.962,+0.945
1628226180,+3.55,+24.277, +6.952,+0.945
1628226780,+3.55,+24.285, +6.943,+0.944
1628227380,+3.55,+24.302, +6.950,+0.945
1628227980,+3.55,+24.277, +6.963,+0.945
1628228580,+3.55,+24.294, +6.956,+0.945
1628229180,+3.55,+24.319, +6.958,+0.945
1628229780,+3.55,+24.327, +6.953,+0.945
1628230380,+3.55,+24.327, +6.947,+0.944
1628230980,+3.55,+24.327, +6.960,+0.945
1628231580,+3.55,+24.361, +6.947,+0.945
1628232180,+3.55,+24.327, +6.957,+0.945
1628232780,+3.55,+24.378, +6.949,+0.945
1628233380,+3.55,+24.369, +6.944,+0.944
1628233980,+3.55,+24.369, +6.956,+0.945
1628234580,+3.55,+24.369, +6.949,+0.945
1628235180,+3.55,+24.386, +6.952,+0.945
1628235780,+3.55,+24.369, +6.958,+0.945
1628236380,+3.55,+24.378, +6.957,+0.945
1628236980,+3.55,+24.403, +6.944,+0.945
1628237580,+3.55,+24.403, +6.948,+0.945
1628238180,+3.55,+24.411, +6.943,+0.944
1628238780,+3.55,+24.420, +6.943,+0.945
1628239380,+3.55,+24.428, +6.933,+0.944
1628239980,+3.55,+24.428, +6.942,+0.945
1628240580,+3.55,+24.428, +6.949,+0.945
1628241180,+3.55,+24.420, +6.942,+0.944
1628241780,+3.55,+24.411, +6.943,+0.945
1628242380,+3.55,+24.436, +6.938,+0.945
1628242980,+3.55,+24.436, +6.927,+0.944
1628243580,+3.55,+24.428, +6.924,+0.945
1628244180,+3.55,+24.420, +6.931,+0.945
1628244780,+3.55,+24.411, +6.936,+0.945
1628245380,+3.55,+24.428, +6.930,+0.945
1628245980,+3.55,+24.428, +6.937,+0.945
1628246580,+3.55,+24.428, +6.929,+0.945
1628247180,+3.55,+24.411, +6.931,+0.944
1628247780,+3.55,+24.394, +6.936,+0.944
1628248380,+3.55,+24.403, +6.935,+0.945
1628248980,+3.55,+24.403, +6.939,+0.945
1628249580,+3.55,+24.378, +6.944,+0.945
1628250180,+3.55,+24.386, +6.947,+0.945
1628250780,+3.55,+24.386, +6.943,+0.945
1628251380,+3.55,+24.394, +6.946,+0.945
1628251980,+3.55,+24.403, +6.948,+0.945
1628252580,+3.55,+24.378, +6.953,+0.945
1628253180,+3.55,+24.369, +6.952,+0.944
1628253780,+3.55,+24.336, +6.963,+0.945
1628254380,+3.55,+24.285, +6.982,+0.946
1628254980,+3.55,+24.235, +6.980,+0.945
1628255580,+3.55,+24.201, +6.981,+0.945
1628256180,+3.55,+24.151, +6.990,+0.945
1628256780,+3.55,+24.117, +6.993,+0.945
1628257380,+3.55,+24.109, +6.993,+0.945
1628257980,+3.55,+24.084, +6.994,+0.944
1628258580,+3.55,+24.059, +7.002,+0.945
1628259180,+3.55,+24.025, +7.002,+0.945
1628259780,+3.55,+24.000, +7.002,+0.945
1628260380,+3.55,+24.000, +7.001,+0.945
1628260980,+3.55,+23.967, +7.009,+0.945
1628261580,+3.55,+23.958, +7.004,+0.944
1628262180,+3.55,+23.933, +7.017,+0.945
1628262780,+3.55,+23.933, +7.007,+0.945
1628263380,+3.55,+23.925, +6.991,+0.944
1628263980,+3.55,+24.117, +6.961,+0.944
1628264580,+3.55,+24.176, +6.939,+0.944
1628265180,+3.55,+24.218, +6.931,+0.944
1628265780,+3.55,+24.210, +6.924,+0.944
1628266380,+3.55,+24.235, +6.926,+0.944
1628266980,+3.55,+24.235, +6.921,+0.944
1628267580,+3.55,+24.260, +6.916,+0.944
1628268180,+3.55,+24.394, +6.913,+0.944
1628268780,+3.55,+24.949, +6.864,+0.944
1628269380,+3.55,+24.806, +6.888,+0.944
1628269980,+3.55,+24.756, +6.886,+0.943
1628270580,+3.55,+24.688, +6.919,+0.944
1628271180,+3.55,+24.932, +6.905,+0.944
1628271780,+3.55,+24.915, +6.910,+0.944
1628272380,+3.55,+24.848, +6.914,+0.943
1628272980,+3.55,+24.789, +6.924,+0.944
1628273580,+3.55,+24.714, +6.942,+0.944
1628274180,+3.55,+24.697, +6.937,+0.944
1628274780,+3.55,+24.655, +6.941,+0.944
1628275380,+3.55,+24.588, +6.956,+0.944
1628275980,+3.55,+24.537, +6.946,+0.943
1628276580,+3.55,+24.487, +6.950,+0.944
1628277180,+3.55,+24.453, +6.953,+0.944
1628277780,+3.55,+24.428, +6.942,+0.944
1628278380,+3.55,+24.394, +6.953,+0.944
1628278980,+3.55,+24.386, +6.942,+0.943
1628279580,+3.55,+24.344, +6.962,+0.944
1628280180,+3.55,+24.193, +6.963,+0.943
1628280780,+3.55,+23.120, +5.783,+0.936
1628281380,+3.56,+16.976, +6.850,+0.939
1628281980,+3.56,+16.671, +6.943,+0.942
1628282580,+3.56,+16.594, +6.975,+0.942
1628283180,+3.56,+16.552, +6.994,+0.942
1628283780,+3.56,+16.543, +7.019,+0.942
1628284380,+3.56,+16.526, +7.029,+0.942
1628284980,+3.56,+16.535, +7.050,+0.942
1628285580,+3.56,+16.552, +7.062,+0.942
1628286180,+3.56,+16.526, +7.080,+0.942
1628286780,+3.55,+16.552, +7.081,+0.942
1628287380,+3.55,+16.535, +7.087,+0.941
1628287980,+3.55,+16.543, +7.095,+0.941
1628288580,+3.55,+16.552, +7.109,+0.942
1628289180,+3.55,+16.552, +7.115,+0.941
1628289780,+3.55,+16.552, +7.128,+0.942
1628290380,+3.55,+16.543, +7.139,+0.941
