7450-497232
OS REV: 1.05 Sensor Cal: 1617728334
Time (sec),  BV (Volts),  T (deg C),  DO (mg/l),  Q ()
1629396360,+3.52,+16.311, +7.795,+0.976
1629396960,+3.52,+16.294, +7.800,+0.976
1629397560,+3.52,+16.320, +7.793,+0.976
1629398160,+3.52,+16.320, +7.789,+0.976
1629398760,+3.52,+16.311, +7.795,+0.977
1629399360,+3.52,+16.303, +7.789,+0.976
1629399960,+3.52,+16.311, +7.797,+0.977
1629400560,+3.52,+16.311, +7.788,+0.976
1629401160,+3.52,+16.294, +7.801,+0.977
1629401760,+3.52,+16.294, +7.799,+0.976
1629402360,+3.52,+16.286, +7.803,+0.976
1629402960,+3.52,+16.303, +7.802,+0.976
1629403560,+3.52,+16.277, +7.807,+0.976
1629404160,+3.52,+16.328, +7.793,+0.976
1629404760,+3.52,+16.311, +7.813,+0.977
1629405360,+3.52,+16.337, +7.800,+0.977
1629405960,+3.52,+16.320, +7.806,+0.977
1629406560,+3.52,+16.311, +7.809,+0.977
1629407160,+3.52,+16.328, +7.802,+0.977
1629407760,+3.52,+16.328, +7.800,+0.976
1629408360,+3.52,+16.311, +7.798,+0.976
1629408960,+3.52,+16.328, +7.803,+0.977
1629409560,+3.52,+16.320, +7.799,+0.976
1629410160,+3.52,+16.311, +7.809,+0.976
1629410760,+3.52,+16.337, +7.798,+0.977
1629411360,+3.52,+16.320, +7.806,+0.977
1629411960,+3.52,+16.345, +7.795,+0.976
1629412560,+3.52,+16.354, +7.793,+0.976
1629413160,+3.52,+16.337, +7.796,+0.976
1629413760,+3.52,+16.371, +7.791,+0.976
1629414360,+3.52,+16.379, +7.782,+0.976
1629414960,+3.51,+16.388, +7.791,+0.977
1629415560,+3.52,+16.379, +7.790,+0.977
1629416160,+3.51,+16.439, +7.767,+0.976
1629416760,+3.51,+16.430, +7.763,+0.976
1629417360,+3.51,+16.447, +7.758,+0.976
1629417960,+3.51,+16.456, +7.754,+0.976
1629418560,+3.51,+16.447, +7.760,+0.976
1629419160,+3.51,+16.464, +7.749,+0.976
1629419760,+3.51,+16.456, +7.765,+0.977
1629420360,+3.51,+16.439, +7.755,+0.976
1629420960,+3.51,+16.430, +7.711,+0.976
1629421560,+3.51,+16.439, +7.665,+0.976
1629422160,+3.51,+16.413, +7.636,+0.976
1629422760,+3.51,+16.422, +7.601,+0.976
1629423360,+3.51,+16.396, +7.585,+0.976
1629423960,+3.51,+16.388, +7.551,+0.976
1629424560,+3.52,+16.371, +7.550,+0.976
1629425160,+3.52,+16.371, +7.536,+0.976
1629425760,+3.52,+16.345, +7.529,+0.976
1629426360,+3.52,+16.337, +7.518,+0.976
1629426960,+3.52,+16.328, +7.509,+0.976
1629427560,+3.52,+16.311, +7.506,+0.976
1629428160,+3.52,+16.320, +7.495,+0.976
1629428760,+3.52,+16.294, +7.499,+0.976
1629429360,+3.52,+16.286, +7.499,+0.977
1629429960,+3.52,+16.260, +7.498,+0.976
1629430560,+3.52,+16.269, +7.500,+0.977
1629431160,+3.52,+16.286, +7.492,+0.976
1629431760,+3.52,+16.260, +7.502,+0.977
1629432360,+3.52,+16.286, +7.495,+0.977
1629432960,+3.52,+16.286, +7.497,+0.977
1629433560,+3.52,+16.269, +7.495,+0.976
1629434160,+3.52,+16.251, +7.497,+0.976
1629434760,+3.52,+16.277, +7.496,+0.976
1629435360,+3.52,+16.286, +7.492,+0.976
1629435960,+3.52,+16.286, +7.492,+0.976
1629436560,+3.52,+16.269, +7.492,+0.976
1629437160,+3.52,+16.269, +7.485,+0.976
1629437760,+3.52,+16.286, +7.490,+0.976
1629438360,+3.52,+16.277, +7.489,+0.976
1629438960,+3.52,+16.260, +7.495,+0.977
1629439560,+3.52,+16.260, +7.487,+0.976
1629440160,+3.52,+16.269, +7.493,+0.976
1629440760,+3.52,+16.277, +7.491,+0.977
1629441360,+3.52,+16.269, +7.486,+0.976
1629441960,+3.52,+16.269, +7.490,+0.976
1629442560,+3.52,+16.286, +7.487,+0.976
1629443160,+3.52,+16.277, +7.490,+0.977
1629443760,+3.52,+16.269, +7.487,+0.976
1629444360,+3.52,+16.260, +7.497,+0.977
1629444960,+3.52,+16.294, +7.480,+0.976
1629445560,+3.52,+16.286, +7.486,+0.976
1629446160,+3.52,+16.260, +7.487,+0.976
1629446760,+3.52,+16.251, +7.488,+0.976
1629447360,+3.52,+16.277, +7.493,+0.977
1629447960,+3.52,+16.251, +7.500,+0.977
1629448560,+3.52,+16.260, +7.486,+0.976
1629449160,+3.52,+16.269, +7.488,+0.976
1629449760,+3.52,+16.277, +7.485,+0.976
1629450360,+3.52,+16.269, +7.484,+0.976
1629450960,+3.52,+16.260, +7.490,+0.977
1629451560,+3.52,+16.260, +7.492,+0.976
1629452160,+3.52,+16.277, +7.489,+0.976
1629452760,+3.52,+16.260, +7.485,+0.976
1629453360,+3.52,+16.269, +7.491,+0.976
1629453960,+3.52,+16.269, +7.490,+0.976
1629454560,+3.52,+16.260, +7.492,+0.976
1629455160,+3.52,+16.260, +7.492,+0.976
1629455760,+3.52,+16.277, +7.489,+0.976
1629456360,+3.52,+16.286, +7.485,+0.976
1629456960,+3.52,+16.269, +7.497,+0.977
1629457560,+3.52,+16.286, +7.486,+0.976
1629458160,+3.52,+16.269, +7.492,+0.976
1629458760,+3.52,+16.269, +7.488,+0.976
1629459360,+3.52,+16.269, +7.504,+0.977
1629459960,+3.52,+16.277, +7.497,+0.976
1629460560,+3.52,+16.260, +7.501,+0.977
1629461160,+3.52,+16.311, +7.485,+0.976
1629461760,+3.52,+16.294, +7.495,+0.977
1629462360,+3.52,+16.251, +7.499,+0.976
1629462960,+3.52,+16.269, +7.499,+0.976
1629463560,+3.52,+16.269, +7.495,+0.976
1629464160,+3.52,+16.260, +7.542,+0.976
1629464760,+3.52,+16.286, +7.578,+0.976
1629465360,+3.52,+16.277, +7.619,+0.976
1629465960,+3.52,+16.277, +7.654,+0.976
1629466560,+3.52,+16.286, +7.680,+0.976
1629467160,+3.52,+16.294, +7.702,+0.976
1629467760,+3.52,+16.269, +7.738,+0.977
1629468360,+3.52,+16.294, +7.748,+0.976
1629468960,+3.52,+16.303, +7.760,+0.976
1629469560,+3.52,+16.320, +7.778,+0.977
1629470160,+3.52,+16.320, +7.783,+0.976
1629470760,+3.52,+16.320, +7.801,+0.976
1629471360,+3.52,+16.294, +7.818,+0.976
1629471960,+3.51,+16.320, +7.824,+0.976
1629472560,+3.52,+16.311, +7.834,+0.977
1629473160,+3.52,+16.311, +7.842,+0.977
1629473760,+3.52,+16.328, +7.838,+0.976
1629474360,+3.52,+16.311, +7.847,+0.976
1629474960,+3.52,+16.243, +7.863,+0.976
1629475560,+3.52,+16.200, +7.871,+0.976
1629476160,+3.52,+16.175, +7.893,+0.976
1629476760,+3.52,+16.175, +7.890,+0.976
1629477360,+3.52,+16.132, +7.923,+0.976
1629477960,+3.52,+16.132, +7.926,+0.976
1629478560,+3.52,+16.115, +7.941,+0.976
1629479160,+3.52,+16.081, +7.954,+0.976
1629479760,+3.52,+16.081, +7.964,+0.977
1629480360,+3.52,+16.072, +7.967,+0.976
1629480960,+3.52,+16.038, +7.990,+0.976
1629481560,+3.52,+16.055, +7.989,+0.976
1629482160,+3.52,+16.047, +7.989,+0.976
1629482760,+3.52,+16.038, +7.995,+0.976
