7450-497232
OS REV: 1.05 Sensor Cal: 1617728334
Time (sec),  BV (Volts),  T (deg C),  DO (mg/l),  Q ()
1630703220,+3.52,+15.936, +8.116,+0.977
1630703820,+3.52,+15.953, +8.109,+0.977
1630704420,+3.52,+15.979, +8.101,+0.977
1630705020,+3.52,+15.996, +8.085,+0.977
1630705620,+3.51,+16.004, +8.074,+0.977
1630706220,+3.52,+16.004, +8.072,+0.977
1630706820,+3.52,+16.030, +8.061,+0.977
1630707420,+3.51,+16.030, +8.058,+0.977
1630708020,+3.51,+16.047, +8.049,+0.977
1630708620,+3.52,+16.030, +8.050,+0.977
1630709220,+3.51,+16.047, +8.034,+0.977
1630709820,+3.51,+16.047, +8.041,+0.978
1630710420,+3.52,+16.038, +8.034,+0.977
1630711020,+3.52,+16.047, +8.033,+0.977
1630711620,+3.52,+16.055, +8.028,+0.977
1630712220,+3.52,+16.047, +8.026,+0.977
1630712820,+3.51,+16.089, +8.014,+0.977
1630713420,+3.52,+16.072, +8.014,+0.977
1630714020,+3.52,+16.072, +8.010,+0.977
1630714620,+3.52,+16.081, +8.008,+0.977
1630715220,+3.51,+16.098, +8.004,+0.977
1630715820,+3.51,+16.115, +7.986,+0.977
1630716420,+3.52,+16.081, +7.972,+0.977
1630717020,+3.52,+16.089, +7.915,+0.978
1630717620,+3.52,+16.072, +7.851,+0.977
1630718220,+3.52,+16.055, +7.797,+0.977
1630718820,+3.52,+16.072, +7.757,+0.977
1630719420,+3.52,+16.047, +7.719,+0.977
1630720020,+3.52,+16.047, +7.691,+0.977
1630720620,+3.52,+16.047, +7.661,+0.977
1630721220,+3.52,+16.047, +7.643,+0.977
1630721820,+3.52,+16.038, +7.620,+0.977
1630722420,+3.52,+16.013, +7.605,+0.977
1630723020,+3.52,+16.013, +7.595,+0.977
1630723620,+3.52,+16.038, +7.572,+0.977
1630724220,+3.52,+16.030, +7.572,+0.977
1630724820,+3.52,+16.038, +7.564,+0.978
1630725420,+3.52,+15.996, +7.558,+0.977
1630726020,+3.52,+16.021, +7.553,+0.977
1630726620,+3.52,+16.013, +7.548,+0.977
1630727220,+3.52,+16.030, +7.533,+0.977
1630727820,+3.52,+16.013, +7.537,+0.977
1630728420,+3.52,+16.013, +7.535,+0.977
1630729020,+3.52,+16.013, +7.531,+0.977
1630729620,+3.52,+16.013, +7.534,+0.977
1630730220,+3.52,+16.004, +7.532,+0.977
1630730820,+3.52,+16.013, +7.532,+0.977
1630731420,+3.52,+16.004, +7.534,+0.977
1630732020,+3.52,+16.021, +7.527,+0.977
1630732620,+3.52,+16.013, +7.526,+0.977
1630733220,+3.52,+16.021, +7.523,+0.977
1630733820,+3.52,+16.004, +7.530,+0.977
1630734420,+3.52,+16.021, +7.534,+0.978
1630735020,+3.52,+16.004, +7.531,+0.977
1630735620,+3.52,+16.021, +7.528,+0.977
1630736220,+3.52,+15.996, +7.538,+0.977
1630736820,+3.52,+16.013, +7.530,+0.977
1630737420,+3.52,+16.013, +7.529,+0.977
1630738020,+3.52,+16.013, +7.535,+0.977
1630738620,+3.52,+16.004, +7.536,+0.977
1630739220,+3.52,+16.004, +7.533,+0.977
1630739820,+3.52,+16.004, +7.538,+0.977
1630740420,+3.52,+15.996, +7.540,+0.977
1630741020,+3.52,+16.004, +7.533,+0.977
1630741620,+3.52,+16.004, +7.539,+0.977
1630742220,+3.52,+16.013, +7.537,+0.977
1630742820,+3.52,+16.004, +7.537,+0.977
1630743420,+3.52,+15.996, +7.543,+0.977
1630744020,+3.52,+16.004, +7.538,+0.977
1630744620,+3.52,+15.996, +7.541,+0.977
1630745220,+3.52,+16.013, +7.539,+0.977
1630745820,+3.52,+16.004, +7.542,+0.977
1630746420,+3.52,+16.013, +7.538,+0.977
1630747020,+3.52,+16.013, +7.539,+0.977
1630747620,+3.52,+15.996, +7.538,+0.977
1630748220,+3.52,+16.013, +7.538,+0.977
1630748820,+3.52,+16.021, +7.538,+0.977
1630749420,+3.52,+15.996, +7.545,+0.977
1630750020,+3.52,+16.030, +7.532,+0.977
1630750620,+3.52,+16.013, +7.537,+0.977
1630751220,+3.52,+16.013, +7.536,+0.977
1630751820,+3.52,+15.987, +7.546,+0.977
1630752420,+3.52,+15.987, +7.550,+0.977
1630753020,+3.52,+15.996, +7.539,+0.977
1630753620,+3.52,+16.013, +7.537,+0.977
1630754220,+3.52,+16.004, +7.542,+0.977
1630754820,+3.52,+16.013, +7.544,+0.977
1630755420,+3.52,+15.996, +7.543,+0.977
1630756020,+3.52,+16.004, +7.543,+0.977
1630756620,+3.52,+15.970, +7.551,+0.977
1630757220,+3.52,+16.004, +7.542,+0.977
1630757820,+3.52,+15.996, +7.541,+0.977
1630758420,+3.52,+15.996, +7.543,+0.977
1630759020,+3.52,+16.021, +7.543,+0.977
1630759620,+3.52,+15.996, +7.551,+0.978
1630760220,+3.52,+15.996, +7.589,+0.977
1630760820,+3.52,+16.030, +7.641,+0.977
1630761420,+3.52,+16.021, +7.694,+0.977
1630762020,+3.52,+16.030, +7.732,+0.977
1630762620,+3.52,+16.047, +7.774,+0.977
1630763220,+3.52,+16.047, +7.797,+0.977
1630763820,+3.52,+16.064, +7.831,+0.977
1630764420,+3.52,+16.072, +7.844,+0.977
1630765020,+3.52,+16.047, +7.871,+0.977
1630765620,+3.52,+16.072, +7.890,+0.977
1630766220,+3.52,+16.081, +7.901,+0.977
1630766820,+3.52,+16.064, +7.917,+0.977
1630767420,+3.52,+16.081, +7.925,+0.977
1630768020,+3.52,+16.081, +7.936,+0.977
1630768620,+3.52,+16.072, +7.943,+0.977
1630769220,+3.52,+16.064, +7.962,+0.978
1630769820,+3.52,+16.089, +7.966,+0.978
1630770420,+3.52,+16.089, +7.962,+0.977
1630771020,+3.52,+16.098, +7.962,+0.977
1630771620,+3.52,+16.081, +7.971,+0.977
1630772220,+3.52,+16.072, +7.982,+0.977
1630772820,+3.52,+16.081, +7.981,+0.977
1630773420,+3.52,+16.098, +7.983,+0.977
1630774020,+3.52,+16.089, +7.990,+0.977
1630774620,+3.52,+16.064, +7.992,+0.977
1630775220,+3.52,+16.089, +7.991,+0.977
1630775820,+3.52,+16.089, +7.990,+0.977
1630776420,+3.52,+16.081, +8.002,+0.977
1630777020,+3.52,+16.089, +7.990,+0.977
1630777620,+3.52,+16.072, +8.001,+0.977
1630778220,+3.52,+16.072, +8.003,+0.977
1630778820,+3.52,+16.072, +8.002,+0.977
1630779420,+3.52,+16.064, +8.006,+0.977
1630780020,+3.52,+16.107, +7.993,+0.977
1630780620,+3.52,+16.081, +7.996,+0.977
1630781220,+3.52,+16.089, +8.011,+0.978
1630781820,+3.52,+16.081, +8.008,+0.977
1630782420,+3.52,+16.081, +8.004,+0.978
1630783020,+3.52,+16.098, +7.997,+0.977
1630783620,+3.52,+16.081, +8.007,+0.977
1630784220,+3.52,+16.081, +8.006,+0.977
1630784820,+3.52,+16.089, +8.005,+0.978
1630785420,+3.52,+16.081, +8.006,+0.977
1630786020,+3.52,+16.081, +8.000,+0.977
1630786620,+3.52,+16.081, +8.001,+0.977
1630787220,+3.52,+16.089, +7.998,+0.977
1630787820,+3.52,+16.089, +7.999,+0.977
1630788420,+3.52,+16.089, +7.997,+0.977
1630789020,+3.52,+16.089, +8.002,+0.977
1630789620,+3.52,+16.089, +8.000,+0.977
