7450-702726
OS REV: 1.05 Sensor Cal: 1617729677
Time (sec),  BV (Volts),  T (deg C),  DO (mg/l),  Q ()
1622324100,+3.52,+16.329, +2.945,+0.983
1622324700,+3.52,+16.346, +2.950,+0.983
1622325300,+3.52,+16.320, +2.953,+0.983
1622325900,+3.52,+16.329, +2.975,+0.983
1622326500,+3.52,+16.354, +2.964,+0.983
1622327100,+3.52,+16.363, +2.973,+0.983
1622327700,+3.52,+16.337, +2.973,+0.983
1622328300,+3.52,+16.346, +2.967,+0.983
1622328900,+3.52,+16.354, +2.972,+0.983
1622329500,+3.52,+16.380, +2.949,+0.983
1622330100,+3.52,+16.371, +2.948,+0.983
1622330700,+3.52,+16.388, +2.945,+0.983
1622331300,+3.52,+16.337, +2.964,+0.983
1622331900,+3.52,+16.380, +2.981,+0.983
1622332500,+3.52,+16.363, +2.965,+0.983
1622333100,+3.52,+16.354, +2.977,+0.983
1622333700,+3.52,+16.363, +2.978,+0.983
1622334300,+3.52,+16.371, +2.983,+0.983
1622334900,+3.52,+16.380, +2.982,+0.983
1622335500,+3.52,+16.346, +2.962,+0.983
1622336100,+3.52,+16.363, +2.935,+0.983
1622336700,+3.52,+16.380, +2.875,+0.983
1622337300,+3.52,+16.371, +2.880,+0.983
1622337900,+3.52,+16.380, +2.877,+0.983
1622338500,+3.52,+16.397, +2.901,+0.983
1622339100,+3.52,+16.363, +2.918,+0.983
1622339700,+3.52,+16.380, +2.915,+0.983
1622340300,+3.52,+16.371, +2.939,+0.983
1622340900,+3.52,+16.363, +2.943,+0.983
1622341500,+3.52,+16.371, +2.975,+0.983
1622342100,+3.52,+16.371, +2.990,+0.983
1622342700,+3.52,+16.371, +2.996,+0.983
1622343300,+3.52,+16.380, +3.002,+0.983
1622343900,+3.52,+16.380, +2.978,+0.983
1622344500,+3.52,+16.371, +2.970,+0.983
1622345100,+3.52,+16.354, +2.940,+0.983
1622345700,+3.52,+16.371, +2.916,+0.983
1622346300,+3.52,+16.371, +2.916,+0.983
1622346900,+3.52,+16.371, +2.900,+0.983
1622347500,+3.52,+16.371, +2.912,+0.983
1622348100,+3.52,+16.388, +2.897,+0.983
1622348700,+3.52,+16.388, +2.897,+0.983
1622349300,+3.52,+16.371, +2.886,+0.983
1622349900,+3.52,+16.371, +2.856,+0.983
1622350500,+3.52,+16.380, +2.869,+0.983
1622351100,+3.52,+16.388, +2.856,+0.983
1622351700,+3.52,+16.380, +2.856,+0.983
1622352300,+3.52,+16.388, +2.849,+0.983
1622352900,+3.52,+16.371, +2.850,+0.983
1622353500,+3.52,+16.380, +2.874,+0.983
1622354100,+3.52,+16.363, +2.866,+0.983
1622354700,+3.52,+16.388, +2.879,+0.983
1622355300,+3.52,+16.388, +2.869,+0.983
1622355900,+3.52,+16.371, +2.868,+0.983
1622356500,+3.52,+16.380, +2.877,+0.983
1622357100,+3.52,+16.380, +2.862,+0.983
1622357700,+3.52,+16.380, +2.862,+0.983
1622358300,+3.52,+16.380, +2.853,+0.983
1622358900,+3.52,+16.380, +2.861,+0.983
1622359500,+3.52,+16.363, +2.867,+0.983
1622360100,+3.52,+16.380, +2.864,+0.983
1622360700,+3.52,+16.406, +2.890,+0.983
1622361300,+3.52,+16.363, +2.892,+0.983
1622361900,+3.52,+16.363, +2.903,+0.983
1622362500,+3.52,+16.354, +2.914,+0.983
1622363100,+3.52,+16.363, +2.919,+0.983
1622363700,+3.52,+16.380, +2.929,+0.983
1622364300,+3.52,+16.371, +2.922,+0.983
1622364900,+3.52,+16.363, +2.927,+0.983
1622365500,+3.52,+16.363, +2.914,+0.983
1622366100,+3.52,+16.363, +2.899,+0.983
1622366700,+3.52,+16.363, +2.910,+0.983
1622367300,+3.52,+16.371, +2.897,+0.983
1622367900,+3.52,+16.363, +2.895,+0.983
1622368500,+3.52,+16.354, +2.907,+0.983
1622369100,+3.52,+16.354, +2.908,+0.983
1622369700,+3.52,+16.354, +2.918,+0.983
1622370300,+3.52,+16.346, +2.905,+0.983
1622370900,+3.52,+16.363, +2.918,+0.983
1622371500,+3.52,+16.363, +2.941,+0.983
1622372100,+3.52,+16.346, +2.949,+0.983
1622372700,+3.52,+16.337, +2.971,+0.983
1622373300,+3.52,+16.346, +2.974,+0.983
1622373900,+3.52,+16.329, +2.969,+0.983
1622374500,+3.52,+16.371, +2.976,+0.983
1622375100,+3.52,+16.346, +2.975,+0.983
1622375700,+3.52,+16.363, +2.962,+0.983
1622376300,+3.52,+16.329, +2.944,+0.983
1622376900,+3.52,+16.346, +2.927,+0.983
1622377500,+3.52,+16.337, +2.932,+0.983
1622378100,+3.52,+16.329, +2.919,+0.983
1622378700,+3.52,+16.329, +2.905,+0.983
1622379300,+3.52,+16.346, +2.898,+0.983
1622379900,+3.52,+16.346, +2.890,+0.983
1622380500,+3.52,+16.337, +2.891,+0.983
1622381100,+3.52,+16.337, +2.888,+0.983
1622381700,+3.52,+16.320, +2.879,+0.983
1622382300,+3.52,+16.320, +2.895,+0.983
1622382900,+3.52,+16.337, +2.888,+0.983
1622383500,+3.52,+16.354, +2.882,+0.983
1622384100,+3.52,+16.329, +2.878,+0.983
1622384700,+3.52,+16.329, +2.861,+0.983
1622385300,+3.52,+16.337, +2.873,+0.983
1622385900,+3.52,+16.346, +2.856,+0.983
1622386500,+3.52,+16.337, +2.849,+0.983
1622387100,+3.52,+16.337, +2.859,+0.983
1622387700,+3.52,+16.329, +2.843,+0.983
1622388300,+3.52,+16.354, +2.836,+0.983
1622388900,+3.52,+16.346, +2.858,+0.983
1622389500,+3.52,+16.337, +2.890,+0.983
1622390100,+3.52,+16.329, +2.964,+0.984
1622390700,+3.52,+16.329, +3.017,+0.983
1622391300,+3.52,+16.320, +3.043,+0.983
1622391900,+3.52,+16.312, +3.048,+0.983
1622392500,+3.52,+16.329, +3.020,+0.983
1622393100,+3.52,+16.320, +2.977,+0.983
1622393700,+3.52,+16.329, +2.938,+0.983
1622394300,+3.52,+16.320, +2.918,+0.983
1622394900,+3.52,+16.320, +2.890,+0.983
1622395500,+3.52,+16.329, +2.889,+0.983
1622396100,+3.52,+16.337, +2.891,+0.983
1622396700,+3.52,+16.354, +2.886,+0.983
1622397300,+3.52,+16.320, +2.900,+0.983
1622397900,+3.52,+16.346, +2.899,+0.983
1622398500,+3.52,+16.329, +2.891,+0.983
1622399100,+3.52,+16.329, +2.919,+0.983
1622399700,+3.52,+16.312, +2.932,+0.983
1622400300,+3.52,+16.329, +2.929,+0.983
1622400900,+3.52,+16.320, +2.931,+0.983
1622401500,+3.52,+16.329, +2.909,+0.983
1622402100,+3.52,+16.346, +2.908,+0.983
1622402700,+3.52,+16.337, +2.909,+0.983
1622403300,+3.52,+16.312, +2.900,+0.983
1622403900,+3.52,+16.329, +2.903,+0.983
1622404500,+3.52,+16.337, +2.895,+0.983
1622405100,+3.52,+16.329, +2.880,+0.983
1622405700,+3.52,+16.337, +2.878,+0.983
1622406300,+3.52,+16.337, +2.858,+0.983
1622406900,+3.52,+16.329, +2.849,+0.983
1622407500,+3.52,+16.329, +2.857,+0.983
1622408100,+3.52,+16.346, +2.839,+0.983
1622408700,+3.52,+16.337, +2.836,+0.983
1622409300,+3.52,+16.346, +2.824,+0.983
1622409900,+3.52,+16.354, +2.805,+0.983
1622410500,+3.52,+16.346, +2.850,+0.983
