7450-702726
OS REV: 1.05 Sensor Cal: 1617729677
Time (sec),  BV (Volts),  T (deg C),  DO (mg/l),  Q ()
1623000780,+3.52,+16.303, +6.505,+0.982
1623001380,+3.52,+16.295, +6.505,+0.982
1623001980,+3.52,+16.303, +6.502,+0.983
1623002580,+3.52,+16.303, +6.504,+0.982
1623003180,+3.52,+16.295, +6.499,+0.982
1623003780,+3.52,+16.303, +6.508,+0.982
1623004380,+3.52,+16.312, +6.503,+0.982
1623004980,+3.52,+16.295, +6.504,+0.982
1623005580,+3.52,+16.303, +6.505,+0.982
1623006180,+3.52,+16.286, +6.505,+0.982
1623006780,+3.52,+16.303, +6.503,+0.982
1623007380,+3.52,+16.286, +6.504,+0.982
1623007980,+3.52,+16.286, +6.509,+0.982
1623008580,+3.52,+16.278, +6.510,+0.982
1623009180,+3.52,+16.295, +6.507,+0.982
1623009780,+3.52,+16.295, +6.506,+0.982
1623010380,+3.52,+16.286, +6.506,+0.982
1623010980,+3.52,+16.312, +6.501,+0.982
1623011580,+3.52,+16.286, +6.504,+0.982
1623012180,+3.52,+16.286, +6.506,+0.982
1623012780,+3.52,+16.278, +6.506,+0.982
1623013380,+3.52,+16.278, +6.509,+0.982
1623013980,+3.52,+16.278, +6.509,+0.982
1623014580,+3.52,+16.295, +6.504,+0.982
1623015180,+3.52,+16.303, +6.501,+0.982
1623015780,+3.52,+16.269, +6.513,+0.982
1623016380,+3.52,+16.269, +6.509,+0.982
1623016980,+3.52,+16.286, +6.505,+0.982
1623017580,+3.52,+16.295, +6.503,+0.982
1623018180,+3.52,+16.286, +6.505,+0.982
1623018780,+3.52,+16.295, +6.498,+0.982
1623019380,+3.52,+16.286, +6.501,+0.982
1623019980,+3.52,+16.303, +6.502,+0.982
1623020580,+3.52,+16.286, +6.505,+0.982
1623021180,+3.52,+16.303, +6.497,+0.982
1623021780,+3.52,+16.286, +6.505,+0.982
1623022380,+3.52,+16.295, +6.495,+0.982
1623022980,+3.52,+16.312, +6.493,+0.982
1623023580,+3.52,+16.295, +6.496,+0.982
1623024180,+3.52,+16.312, +6.494,+0.982
1623024780,+3.52,+16.303, +6.491,+0.982
1623025380,+3.52,+16.295, +6.494,+0.982
1623025980,+3.52,+16.303, +6.492,+0.982
1623026580,+3.52,+16.303, +6.489,+0.982
1623027180,+3.52,+16.303, +6.493,+0.982
1623027780,+3.52,+16.295, +6.489,+0.982
1623028380,+3.52,+16.286, +6.487,+0.982
1623028980,+3.52,+16.303, +6.489,+0.982
1623029580,+3.52,+16.286, +6.491,+0.982
1623030180,+3.52,+16.286, +6.485,+0.982
1623030780,+3.52,+16.278, +6.485,+0.982
1623031380,+3.52,+16.286, +6.487,+0.983
1623031980,+3.52,+16.269, +6.485,+0.982
1623032580,+3.52,+16.269, +6.488,+0.982
1623033180,+3.52,+16.269, +6.486,+0.982
1623033780,+3.52,+16.286, +6.482,+0.982
1623034380,+3.52,+16.278, +6.478,+0.982
1623034980,+3.52,+16.286, +6.480,+0.982
1623035580,+3.52,+16.286, +6.480,+0.982
1623036180,+3.52,+16.278, +6.475,+0.982
1623036780,+3.52,+16.295, +6.477,+0.982
1623037380,+3.52,+16.286, +6.482,+0.982
1623037980,+3.52,+16.278, +6.483,+0.982
1623038580,+3.52,+16.261, +6.488,+0.982
1623039180,+3.52,+16.286, +6.478,+0.982
1623039780,+3.52,+16.286, +6.477,+0.982
1623040380,+3.52,+16.278, +6.481,+0.982
1623040980,+3.52,+16.269, +6.482,+0.982
1623041580,+3.52,+16.278, +6.479,+0.982
1623042180,+3.52,+16.286, +6.480,+0.982
1623042780,+3.52,+16.278, +6.481,+0.982
1623043380,+3.52,+16.278, +6.479,+0.982
1623043980,+3.52,+16.286, +6.479,+0.982
1623044580,+3.52,+16.295, +6.477,+0.982
1623045180,+3.52,+16.286, +6.485,+0.982
1623045780,+3.52,+16.286, +6.478,+0.982
1623046380,+3.52,+16.278, +6.481,+0.982
1623046980,+3.52,+16.269, +6.478,+0.982
1623047580,+3.52,+16.295, +6.478,+0.982
1623048180,+3.52,+16.286, +6.475,+0.982
1623048780,+3.52,+16.286, +6.474,+0.982
1623049380,+3.52,+16.269, +6.485,+0.982
1623049980,+3.52,+16.261, +6.481,+0.982
1623050580,+3.52,+16.286, +6.478,+0.982
1623051180,+3.52,+16.261, +6.479,+0.982
1623051780,+3.52,+16.269, +6.482,+0.982
1623052380,+3.52,+16.278, +6.480,+0.982
1623052980,+3.52,+16.261, +6.485,+0.982
1623053580,+3.52,+16.269, +6.481,+0.982
1623054180,+3.52,+16.286, +6.481,+0.982
1623054780,+3.52,+16.278, +6.480,+0.982
1623055380,+3.52,+16.269, +6.479,+0.982
1623055980,+3.52,+16.269, +6.481,+0.982
1623056580,+3.52,+16.269, +6.483,+0.982
1623057180,+3.52,+16.278, +6.482,+0.983
1623057780,+3.52,+16.269, +6.481,+0.982
1623058380,+3.52,+16.269, +6.485,+0.982
1623058980,+3.52,+16.269, +6.482,+0.983
1623059580,+3.52,+16.278, +6.482,+0.982
1623060180,+3.52,+16.252, +6.482,+0.982
1623060780,+3.52,+16.261, +6.477,+0.982
1623061380,+3.52,+16.261, +6.481,+0.982
1623061980,+3.52,+16.261, +6.484,+0.982
1623062580,+3.52,+16.269, +6.488,+0.983
1623063180,+3.52,+16.269, +6.479,+0.982
1623063780,+3.52,+16.261, +6.476,+0.982
1623064380,+3.52,+16.278, +6.481,+0.982
1623064980,+3.52,+16.261, +6.475,+0.982
1623065580,+3.52,+16.261, +6.486,+0.982
1623066180,+3.52,+16.252, +6.488,+0.983
1623066780,+3.52,+16.269, +6.487,+0.983
1623067380,+3.52,+16.261, +6.485,+0.982
1623067980,+3.52,+16.269, +6.478,+0.982
1623068580,+3.52,+16.269, +6.487,+0.982
1623069180,+3.52,+16.261, +6.478,+0.982
1623069780,+3.52,+16.269, +6.483,+0.982
1623070380,+3.52,+16.278, +6.483,+0.982
1623070980,+3.52,+16.269, +6.479,+0.982
1623071580,+3.52,+16.286, +6.482,+0.982
1623072180,+3.52,+16.286, +6.483,+0.982
1623072780,+3.52,+16.286, +6.488,+0.982
1623073380,+3.52,+16.303, +6.486,+0.983
1623073980,+3.52,+16.286, +6.485,+0.982
1623074580,+3.52,+16.286, +6.486,+0.982
1623075180,+3.52,+16.286, +6.486,+0.982
1623075780,+3.52,+16.278, +6.488,+0.982
1623076380,+3.52,+16.286, +6.487,+0.982
1623076980,+3.52,+16.269, +6.488,+0.982
1623077580,+3.52,+16.269, +6.496,+0.982
1623078180,+3.52,+16.278, +6.487,+0.982
1623078780,+3.52,+16.286, +6.490,+0.982
1623079380,+3.52,+16.286, +6.491,+0.982
1623079980,+3.52,+16.278, +6.493,+0.983
1623080580,+3.52,+16.261, +6.502,+0.983
1623081180,+3.52,+16.269, +6.491,+0.982
1623081780,+3.52,+16.286, +6.490,+0.982
1623082380,+3.52,+16.261, +6.499,+0.983
1623082980,+3.52,+16.269, +6.489,+0.982
1623083580,+3.52,+16.278, +6.496,+0.982
1623084180,+3.52,+16.278, +6.489,+0.982
1623084780,+3.52,+16.269, +6.497,+0.982
1623085380,+3.52,+16.252, +6.501,+0.982
1623085980,+3.52,+16.269, +6.497,+0.982
1623086580,+3.52,+16.286, +6.490,+0.982
1623087180,+3.52,+16.269, +6.495,+0.982
