7450-702726
OS REV: 1.05 Sensor Cal: 1617729677
Time (sec),  BV (Volts),  T (deg C),  DO (mg/l),  Q ()
1626633960,+3.50,+16.958, +6.072,+0.983
1626634560,+3.50,+16.932, +6.074,+0.983
1626635160,+3.50,+16.915, +6.077,+0.983
1626635760,+3.50,+16.924, +6.081,+0.983
1626636360,+3.50,+16.907, +6.082,+0.983
1626636960,+3.50,+16.907, +6.075,+0.983
1626637560,+3.50,+16.907, +6.084,+0.983
1626638160,+3.50,+16.924, +6.072,+0.983
1626638760,+3.50,+16.907, +6.073,+0.983
1626639360,+3.50,+16.890, +6.086,+0.983
1626639960,+3.50,+16.898, +6.082,+0.983
1626640560,+3.50,+16.890, +6.090,+0.983
1626641160,+3.51,+16.907, +6.080,+0.983
1626641760,+3.51,+16.881, +6.092,+0.983
1626642360,+3.51,+16.907, +6.093,+0.983
1626642960,+3.51,+16.907, +6.076,+0.984
1626643560,+3.51,+16.991, +6.031,+0.983
1626644160,+3.51,+17.059, +6.012,+0.984
1626644760,+3.51,+17.059, +6.004,+0.983
1626645360,+3.51,+16.924, +5.923,+0.983
1626645960,+3.51,+16.915, +5.925,+0.983
1626646560,+3.51,+16.873, +5.880,+0.983
1626647160,+3.51,+16.864, +5.892,+0.983
1626647760,+3.51,+16.864, +5.874,+0.983
1626648360,+3.51,+16.839, +5.877,+0.983
1626648960,+3.51,+16.822, +5.857,+0.983
1626649560,+3.51,+16.796, +5.837,+0.983
1626650160,+3.51,+16.822, +5.802,+0.983
1626650760,+3.51,+16.805, +5.828,+0.983
1626651360,+3.51,+16.796, +5.819,+0.983
1626651960,+3.51,+16.796, +5.809,+0.983
1626652560,+3.51,+16.788, +5.805,+0.983
1626653160,+3.51,+16.779, +5.805,+0.983
1626653760,+3.51,+16.762, +5.777,+0.983
1626654360,+3.51,+16.754, +5.789,+0.983
1626654960,+3.51,+16.771, +5.772,+0.983
1626655560,+3.51,+16.754, +5.777,+0.983
1626656160,+3.51,+16.711, +5.770,+0.984
1626656760,+3.51,+16.745, +5.792,+0.984
1626657360,+3.51,+16.754, +5.732,+0.984
1626657960,+3.51,+16.737, +5.729,+0.983
1626658560,+3.51,+16.762, +5.700,+0.983
1626659160,+3.51,+16.745, +5.758,+0.983
1626659760,+3.51,+16.754, +5.715,+0.983
1626660360,+3.51,+16.754, +5.709,+0.983
1626660960,+3.51,+16.754, +5.693,+0.983
1626661560,+3.51,+16.788, +5.675,+0.983
1626662160,+3.51,+16.805, +5.684,+0.984
1626662760,+3.51,+16.796, +5.679,+0.983
1626663360,+3.51,+16.788, +5.664,+0.983
1626663960,+3.51,+16.796, +5.664,+0.983
1626664560,+3.51,+16.822, +5.661,+0.983
1626665160,+3.51,+16.813, +5.653,+0.983
1626665760,+3.51,+16.822, +5.604,+0.983
1626666360,+3.51,+16.822, +5.650,+0.983
1626666960,+3.51,+16.796, +5.628,+0.983
1626667560,+3.51,+16.847, +5.656,+0.983
1626668160,+3.51,+16.856, +5.635,+0.983
1626668760,+3.52,+16.864, +5.608,+0.983
1626669360,+3.51,+16.847, +5.639,+0.983
1626669960,+3.51,+16.830, +5.646,+0.983
1626670560,+3.52,+16.847, +5.585,+0.983
1626671160,+3.52,+16.864, +5.619,+0.983
1626671760,+3.52,+16.856, +5.593,+0.984
1626672360,+3.52,+16.873, +5.620,+0.983
1626672960,+3.52,+16.847, +5.635,+0.983
1626673560,+3.52,+16.864, +5.597,+0.983
1626674160,+3.52,+16.881, +5.551,+0.984
1626674760,+3.52,+16.864, +5.571,+0.983
1626675360,+3.52,+16.856, +5.598,+0.983
1626675960,+3.52,+16.873, +5.543,+0.983
1626676560,+3.52,+16.847, +5.548,+0.983
1626677160,+3.52,+16.847, +5.566,+0.983
1626677760,+3.52,+16.864, +5.570,+0.984
1626678360,+3.52,+16.864, +5.580,+0.983
1626678960,+3.52,+16.873, +5.522,+0.983
1626679560,+3.52,+16.856, +5.534,+0.983
1626680160,+3.52,+16.873, +5.534,+0.983
1626680760,+3.52,+16.856, +5.561,+0.983
1626681360,+3.52,+16.873, +5.553,+0.983
1626681960,+3.52,+16.881, +5.558,+0.983
1626682560,+3.52,+16.873, +5.553,+0.983
1626683160,+3.52,+16.881, +5.518,+0.984
1626683760,+3.52,+16.881, +5.508,+0.983
1626684360,+3.52,+16.873, +5.522,+0.983
1626684960,+3.52,+16.864, +5.524,+0.983
1626685560,+3.52,+16.873, +5.520,+0.983
1626686160,+3.52,+16.898, +5.499,+0.983
1626686760,+3.52,+16.890, +5.483,+0.983
1626687360,+3.52,+16.898, +5.524,+0.983
1626687960,+3.52,+16.907, +5.488,+0.983
1626688560,+3.52,+16.907, +5.501,+0.983
1626689160,+3.52,+16.907, +5.479,+0.983
1626689760,+3.52,+16.890, +5.527,+0.983
1626690360,+3.52,+16.924, +5.485,+0.983
1626690960,+3.52,+16.907, +5.487,+0.983
1626691560,+3.52,+16.898, +5.480,+0.983
1626692160,+3.52,+16.915, +5.468,+0.983
1626692760,+3.52,+16.898, +5.483,+0.983
1626693360,+3.52,+16.915, +5.476,+0.983
1626693960,+3.52,+16.890, +5.499,+0.983
1626694560,+3.52,+16.915, +5.466,+0.983
1626695160,+3.52,+16.907, +5.452,+0.983
1626695760,+3.52,+16.915, +5.477,+0.983
1626696360,+3.52,+16.924, +5.463,+0.983
1626696960,+3.52,+16.907, +5.472,+0.983
1626697560,+3.52,+16.915, +5.455,+0.983
1626698160,+3.52,+16.924, +5.435,+0.983
1626698760,+3.52,+16.915, +5.467,+0.983
1626699360,+3.52,+16.941, +5.468,+0.983
1626699960,+3.52,+16.941, +5.435,+0.983
1626700560,+3.52,+16.890, +5.467,+0.983
1626701160,+3.52,+16.907, +5.478,+0.983
1626701760,+3.52,+16.873, +5.521,+0.983
1626702360,+3.52,+16.907, +5.471,+0.983
1626702960,+3.52,+16.907, +5.473,+0.983
1626703560,+3.52,+16.881, +5.516,+0.983
1626704160,+3.52,+16.907, +5.484,+0.983
1626704760,+3.52,+16.864, +5.480,+0.983
1626705360,+3.52,+16.881, +5.505,+0.983
1626705960,+3.52,+16.873, +5.542,+0.983
1626706560,+3.52,+16.890, +5.491,+0.983
1626707160,+3.52,+16.881, +5.496,+0.983
1626707760,+3.52,+16.890, +5.493,+0.983
1626708360,+3.52,+16.873, +5.463,+0.983
1626708960,+3.52,+16.864, +5.513,+0.983
1626709560,+3.52,+16.864, +5.507,+0.983
1626710160,+3.52,+16.881, +5.522,+0.983
1626710760,+3.52,+16.890, +5.530,+0.983
1626711360,+3.52,+16.881, +5.476,+0.983
1626711960,+3.52,+16.898, +5.522,+0.983
1626712560,+3.52,+16.873, +5.539,+0.983
1626713160,+3.52,+16.873, +5.483,+0.983
1626713760,+3.52,+16.839, +5.541,+0.983
1626714360,+3.52,+16.881, +5.519,+0.983
1626714960,+3.52,+16.873, +5.536,+0.983
1626715560,+3.52,+16.873, +5.520,+0.983
1626716160,+3.52,+16.856, +5.525,+0.983
1626716760,+3.52,+16.856, +5.490,+0.983
1626717360,+3.52,+16.864, +5.531,+0.983
1626717960,+3.52,+16.864, +5.488,+0.983
1626718560,+3.52,+16.864, +5.513,+0.983
1626719160,+3.52,+16.864, +5.526,+0.983
1626719760,+3.52,+16.847, +5.502,+0.983
1626720360,+3.52,+16.856, +5.516,+0.983
