7450-702726
OS REV: 1.05 Sensor Cal: 1617729677
Time (sec),  BV (Volts),  T (deg C),  DO (mg/l),  Q ()
1623344880,+3.52,+16.474, +6.120,+0.983
1623345480,+3.52,+16.482, +6.105,+0.982
1623346080,+3.52,+16.482, +6.114,+0.983
1623346680,+3.52,+16.474, +6.111,+0.983
1623347280,+3.52,+16.474, +6.116,+0.983
1623347880,+3.52,+16.482, +6.110,+0.983
1623348480,+3.52,+16.474, +6.107,+0.983
1623349080,+3.52,+16.474, +6.112,+0.983
1623349680,+3.52,+16.448, +6.121,+0.983
1623350280,+3.52,+16.474, +6.114,+0.983
1623350880,+3.52,+16.474, +6.106,+0.982
1623351480,+3.52,+16.457, +6.107,+0.982
1623352080,+3.52,+16.474, +6.110,+0.983
1623352680,+3.52,+16.465, +6.116,+0.983
1623353280,+3.52,+16.465, +6.103,+0.983
1623353880,+3.52,+16.465, +6.111,+0.983
1623354480,+3.52,+16.474, +6.111,+0.982
1623355080,+3.52,+16.474, +6.111,+0.983
1623355680,+3.52,+16.448, +6.110,+0.983
1623356280,+3.52,+16.465, +6.109,+0.983
1623356880,+3.52,+16.457, +6.119,+0.983
1623357480,+3.52,+16.440, +6.115,+0.983
1623358080,+3.52,+16.457, +6.114,+0.983
1623358680,+3.52,+16.474, +6.106,+0.983
1623359280,+3.52,+16.457, +6.109,+0.983
1623359880,+3.52,+16.465, +6.112,+0.983
1623360480,+3.52,+16.457, +6.118,+0.983
1623361080,+3.52,+16.474, +6.112,+0.983
1623361680,+3.52,+16.465, +6.114,+0.983
1623362280,+3.52,+16.465, +6.111,+0.983
1623362880,+3.52,+16.448, +6.116,+0.983
1623363480,+3.52,+16.457, +6.112,+0.983
1623364080,+3.52,+16.457, +6.120,+0.983
1623364680,+3.52,+16.465, +6.122,+0.983
1623365280,+3.52,+16.465, +6.119,+0.983
1623365880,+3.52,+16.440, +6.120,+0.983
1623366480,+3.52,+16.465, +6.113,+0.983
1623367080,+3.52,+16.457, +6.119,+0.983
1623367680,+3.52,+16.448, +6.119,+0.983
1623368280,+3.52,+16.482, +6.113,+0.983
1623368880,+3.52,+16.457, +6.115,+0.983
1623369480,+3.52,+16.465, +6.117,+0.983
1623370080,+3.52,+16.448, +6.128,+0.983
1623370680,+3.52,+16.440, +6.122,+0.983
1623371280,+3.52,+16.457, +6.116,+0.982
1623371880,+3.52,+16.448, +6.122,+0.983
1623372480,+3.52,+16.465, +6.119,+0.983
1623373080,+3.52,+16.457, +6.124,+0.983
1623373680,+3.52,+16.457, +6.124,+0.983
1623374280,+3.52,+16.448, +6.128,+0.983
1623374880,+3.52,+16.448, +6.130,+0.983
1623375480,+3.52,+16.448, +6.135,+0.983
1623376080,+3.52,+16.448, +6.135,+0.983
1623376680,+3.52,+16.465, +6.127,+0.983
1623377280,+3.52,+16.465, +6.125,+0.983
1623377880,+3.52,+16.448, +6.132,+0.983
1623378480,+3.52,+16.440, +6.135,+0.983
1623379080,+3.52,+16.431, +6.138,+0.983
1623379680,+3.52,+16.423, +6.145,+0.983
1623380280,+3.52,+16.440, +6.132,+0.983
1623380880,+3.52,+16.431, +6.140,+0.983
1623381480,+3.52,+16.448, +6.136,+0.983
1623382080,+3.52,+16.448, +6.131,+0.982
1623382680,+3.52,+16.414, +6.142,+0.983
1623383280,+3.52,+16.440, +6.135,+0.983
1623383880,+3.52,+16.448, +6.138,+0.983
1623384480,+3.52,+16.457, +6.140,+0.983
1623385080,+3.52,+16.414, +6.147,+0.983
1623385680,+3.52,+16.431, +6.146,+0.983
1623386280,+3.52,+16.440, +6.143,+0.983
1623386880,+3.52,+16.457, +6.135,+0.983
1623387480,+3.52,+16.448, +6.140,+0.983
1623388080,+3.52,+16.440, +6.143,+0.983
1623388680,+3.52,+16.431, +6.152,+0.983
1623389280,+3.52,+16.440, +6.149,+0.983
1623389880,+3.52,+16.448, +6.150,+0.983
1623390480,+3.52,+16.448, +6.146,+0.983
1623391080,+3.52,+16.457, +6.150,+0.983
1623391680,+3.52,+16.431, +6.150,+0.983
1623392280,+3.52,+16.448, +6.147,+0.983
1623392880,+3.52,+16.457, +6.144,+0.983
1623393480,+3.52,+16.440, +6.154,+0.983
1623394080,+3.52,+16.465, +6.148,+0.983
1623394680,+3.52,+16.465, +6.145,+0.983
1623395280,+3.52,+16.465, +6.153,+0.982
1623395880,+3.52,+16.465, +6.154,+0.983
1623396480,+3.52,+16.448, +6.154,+0.983
1623397080,+3.52,+16.440, +6.154,+0.983
1623397680,+3.52,+16.474, +6.153,+0.983
1623398280,+3.52,+16.457, +6.154,+0.983
1623398880,+3.52,+16.457, +6.154,+0.982
1623399480,+3.52,+16.474, +6.155,+0.983
1623400080,+3.52,+16.465, +6.153,+0.983
1623400680,+3.52,+16.448, +6.160,+0.983
1623401280,+3.52,+16.440, +6.164,+0.983
1623401880,+3.52,+16.448, +6.162,+0.983
1623402480,+3.52,+16.457, +6.157,+0.983
1623403080,+3.52,+16.482, +6.153,+0.983
1623403680,+3.52,+16.448, +6.153,+0.982
1623404280,+3.52,+16.457, +6.156,+0.983
1623404880,+3.52,+16.448, +6.168,+0.983
1623405480,+3.52,+16.440, +6.163,+0.983
1623406080,+3.52,+16.448, +6.161,+0.982
1623406680,+3.52,+16.457, +6.169,+0.983
1623407280,+3.52,+16.448, +6.170,+0.983
1623407880,+3.52,+16.465, +6.171,+0.983
1623408480,+3.52,+16.465, +6.166,+0.983
1623409080,+3.52,+16.457, +6.164,+0.983
1623409680,+3.52,+16.448, +6.169,+0.983
1623410280,+3.52,+16.448, +6.169,+0.983
1623410880,+3.52,+16.457, +6.169,+0.983
1623411480,+3.52,+16.448, +6.174,+0.983
1623412080,+3.52,+16.457, +6.174,+0.983
1623412680,+3.52,+16.457, +6.174,+0.983
1623413280,+3.52,+16.448, +6.169,+0.983
1623413880,+3.52,+16.448, +6.171,+0.983
1623414480,+3.52,+16.448, +6.165,+0.982
1623415080,+3.52,+16.465, +6.168,+0.983
1623415680,+3.52,+16.457, +6.169,+0.983
1623416280,+3.52,+16.474, +6.171,+0.983
1623416880,+3.52,+16.440, +6.176,+0.983
1623417480,+3.52,+16.448, +6.175,+0.983
1623418080,+3.52,+16.465, +6.177,+0.983
1623418680,+3.52,+16.465, +6.171,+0.983
1623419280,+3.52,+16.482, +6.175,+0.982
1623419880,+3.52,+16.465, +6.179,+0.983
1623420480,+3.52,+16.474, +6.181,+0.983
1623421080,+3.52,+16.474, +6.174,+0.983
1623421680,+3.52,+16.474, +6.181,+0.983
1623422280,+3.52,+16.482, +6.172,+0.983
1623422880,+3.52,+16.465, +6.185,+0.983
1623423480,+3.52,+16.482, +6.172,+0.983
1623424080,+3.52,+16.474, +6.177,+0.983
1623424680,+3.52,+16.482, +6.182,+0.983
1623425280,+3.52,+16.474, +6.181,+0.983
1623425880,+3.52,+16.474, +6.174,+0.983
1623426480,+3.52,+16.474, +6.178,+0.983
1623427080,+3.52,+16.465, +6.183,+0.983
1623427680,+3.52,+16.457, +6.185,+0.983
1623428280,+3.52,+16.457, +6.191,+0.983
1623428880,+3.52,+16.482, +6.180,+0.983
1623429480,+3.52,+16.465, +6.181,+0.983
1623430080,+3.52,+16.448, +6.187,+0.983
1623430680,+3.52,+16.457, +6.185,+0.983
1623431280,+3.52,+16.465, +6.182,+0.983
