7450-702726
OS REV: 1.05 Sensor Cal: 1617729677
Time (sec),  BV (Volts),  T (deg C),  DO (mg/l),  Q ()
1623605880,+3.52,+16.533, +6.195,+0.983
1623606480,+3.52,+16.542, +6.189,+0.983
1623607080,+3.52,+16.525, +6.197,+0.983
1623607680,+3.52,+16.508, +6.197,+0.983
1623608280,+3.52,+16.533, +6.189,+0.983
1623608880,+3.52,+16.542, +6.188,+0.983
1623609480,+3.52,+16.525, +6.182,+0.983
1623610080,+3.52,+16.516, +6.191,+0.983
1623610680,+3.52,+16.508, +6.192,+0.983
1623611280,+3.52,+16.525, +6.189,+0.983
1623611880,+3.52,+16.516, +6.186,+0.983
1623612480,+3.52,+16.525, +6.186,+0.983
1623613080,+3.52,+16.525, +6.190,+0.983
1623613680,+3.52,+16.516, +6.196,+0.983
1623614280,+3.52,+16.499, +6.195,+0.983
1623614880,+3.52,+16.525, +6.190,+0.983
1623615480,+3.52,+16.516, +6.191,+0.983
1623616080,+3.52,+16.516, +6.194,+0.983
1623616680,+3.52,+16.516, +6.187,+0.983
1623617280,+3.52,+16.542, +6.181,+0.983
1623617880,+3.52,+16.499, +6.189,+0.983
1623618480,+3.52,+16.516, +6.186,+0.983
1623619080,+3.52,+16.508, +6.193,+0.983
1623619680,+3.52,+16.508, +6.192,+0.983
1623620280,+3.52,+16.508, +6.192,+0.983
1623620880,+3.52,+16.533, +6.185,+0.983
1623621480,+3.52,+16.525, +6.185,+0.983
1623622080,+3.52,+16.516, +6.191,+0.983
1623622680,+3.52,+16.533, +6.187,+0.983
1623623280,+3.52,+16.516, +6.185,+0.983
1623623880,+3.52,+16.525, +6.185,+0.983
1623624480,+3.52,+16.516, +6.191,+0.983
1623625080,+3.52,+16.533, +6.181,+0.983
1623625680,+3.52,+16.533, +6.194,+0.984
1623626280,+3.52,+16.533, +6.181,+0.983
1623626880,+3.52,+16.542, +6.182,+0.983
1623627480,+3.52,+16.542, +6.184,+0.983
1623628080,+3.52,+16.542, +6.180,+0.983
1623628680,+3.52,+16.542, +6.189,+0.983
1623629280,+3.52,+16.550, +6.184,+0.983
1623629880,+3.52,+16.559, +6.179,+0.983
1623630480,+3.52,+16.550, +6.181,+0.983
1623631080,+3.52,+16.559, +6.185,+0.983
1623631680,+3.52,+16.559, +6.185,+0.983
1623632280,+3.52,+16.559, +6.180,+0.983
1623632880,+3.52,+16.559, +6.176,+0.983
1623633480,+3.52,+16.567, +6.177,+0.983
1623634080,+3.52,+16.542, +6.193,+0.983
1623634680,+3.52,+16.542, +6.190,+0.983
1623635280,+3.52,+16.542, +6.185,+0.983
1623635880,+3.52,+16.550, +6.176,+0.983
1623636480,+3.52,+16.550, +6.185,+0.983
1623637080,+3.52,+16.542, +6.185,+0.983
1623637680,+3.52,+16.559, +6.180,+0.983
1623638280,+3.52,+16.559, +6.179,+0.983
1623638880,+3.52,+16.559, +6.178,+0.983
1623639480,+3.52,+16.542, +6.184,+0.983
1623640080,+3.52,+16.567, +6.174,+0.983
1623640680,+3.52,+16.576, +6.166,+0.983
1623641280,+3.52,+16.550, +6.180,+0.983
1623641880,+3.52,+16.559, +6.170,+0.983
1623642480,+3.52,+16.559, +6.179,+0.983
1623643080,+3.52,+16.550, +6.177,+0.983
1623643680,+3.52,+16.559, +6.176,+0.983
1623644280,+3.52,+16.567, +6.177,+0.983
1623644880,+3.52,+16.559, +6.179,+0.983
1623645480,+3.52,+16.559, +6.179,+0.983
1623646080,+3.52,+16.567, +6.172,+0.983
1623646680,+3.52,+16.576, +6.170,+0.983
1623647280,+3.52,+16.584, +6.174,+0.983
1623647880,+3.52,+16.576, +6.174,+0.983
1623648480,+3.52,+16.576, +6.182,+0.983
1623649080,+3.52,+16.550, +6.186,+0.983
1623649680,+3.52,+16.567, +6.182,+0.983
1623650280,+3.52,+16.550, +6.178,+0.983
1623650880,+3.52,+16.567, +6.175,+0.983
1623651480,+3.52,+16.584, +6.174,+0.983
1623652080,+3.52,+16.576, +6.177,+0.983
1623652680,+3.52,+16.567, +6.178,+0.983
1623653280,+3.52,+16.584, +6.175,+0.983
1623653880,+3.52,+16.559, +6.184,+0.983
1623654480,+3.52,+16.567, +6.179,+0.983
1623655080,+3.52,+16.567, +6.183,+0.983
1623655680,+3.52,+16.584, +6.171,+0.983
1623656280,+3.52,+16.593, +6.176,+0.983
1623656880,+3.52,+16.593, +6.182,+0.983
1623657480,+3.52,+16.567, +6.178,+0.983
1623658080,+3.52,+16.567, +6.180,+0.983
1623658680,+3.52,+16.567, +6.177,+0.983
1623659280,+3.52,+16.601, +6.171,+0.983
1623659880,+3.52,+16.601, +6.172,+0.983
1623660480,+3.52,+16.576, +6.170,+0.983
1623661080,+3.52,+16.593, +6.170,+0.983
1623661680,+3.52,+16.576, +6.177,+0.983
1623662280,+3.52,+16.584, +6.173,+0.983
1623662880,+3.52,+16.576, +6.176,+0.983
1623663480,+3.52,+16.576, +6.178,+0.983
1623664080,+3.52,+16.567, +6.183,+0.983
1623664680,+3.52,+16.576, +6.179,+0.983
1623665280,+3.52,+16.593, +6.170,+0.983
1623665880,+3.52,+16.567, +6.185,+0.983
1623666480,+3.52,+16.601, +6.176,+0.983
1623667080,+3.52,+16.584, +6.174,+0.983
1623667680,+3.52,+16.567, +6.177,+0.983
1623668280,+3.52,+16.584, +6.177,+0.983
1623668880,+3.52,+16.584, +6.175,+0.983
1623669480,+3.52,+16.576, +6.177,+0.983
1623670080,+3.52,+16.584, +6.178,+0.983
1623670680,+3.52,+16.584, +6.174,+0.983
1623671280,+3.52,+16.593, +6.165,+0.983
1623671880,+3.52,+16.576, +6.172,+0.983
1623672480,+3.52,+16.576, +6.174,+0.983
1623673080,+3.52,+16.593, +6.167,+0.983
1623673680,+3.52,+16.584, +6.178,+0.983
1623674280,+3.52,+16.593, +6.182,+0.983
1623674880,+3.52,+16.593, +6.167,+0.983
1623675480,+3.52,+16.576, +6.180,+0.983
1623676080,+3.52,+16.601, +6.170,+0.983
1623676680,+3.52,+16.576, +6.178,+0.983
1623677280,+3.52,+16.584, +6.171,+0.983
1623677880,+3.52,+16.576, +6.181,+0.983
1623678480,+3.52,+16.576, +6.174,+0.983
1623679080,+3.52,+16.584, +6.167,+0.983
1623679680,+3.52,+16.576, +6.176,+0.983
1623680280,+3.52,+16.559, +6.183,+0.983
1623680880,+3.52,+16.559, +6.180,+0.983
1623681480,+3.52,+16.559, +6.185,+0.983
1623682080,+3.52,+16.559, +6.184,+0.983
1623682680,+3.52,+16.559, +6.171,+0.983
1623683280,+3.52,+16.550, +6.177,+0.983
1623683880,+3.52,+16.550, +6.189,+0.984
1623684480,+3.52,+16.559, +6.176,+0.983
1623685080,+3.52,+16.550, +6.172,+0.983
1623685680,+3.52,+16.542, +6.171,+0.983
1623686280,+3.52,+16.542, +6.181,+0.983
1623686880,+3.52,+16.542, +6.174,+0.983
1623687480,+3.52,+16.542, +6.170,+0.983
1623688080,+3.52,+16.550, +6.179,+0.983
1623688680,+3.52,+16.550, +6.168,+0.983
1623689280,+3.52,+16.550, +6.185,+0.983
1623689880,+3.52,+16.533, +6.180,+0.983
1623690480,+3.52,+16.525, +6.178,+0.983
1623691080,+3.52,+16.533, +6.179,+0.983
1623691680,+3.52,+16.542, +6.184,+0.983
1623692280,+3.52,+16.542, +6.172,+0.983
