7450-702726
OS REV: 1.05 Sensor Cal: 1617729677
Time (sec),  BV (Volts),  T (deg C),  DO (mg/l),  Q ()
1622411100,+3.52,+16.354, +2.862,+0.983
1622411700,+3.52,+16.354, +2.871,+0.983
1622412300,+3.52,+16.371, +2.889,+0.983
1622412900,+3.52,+16.371, +2.872,+0.983
1622413500,+3.52,+16.329, +2.893,+0.983
1622414100,+3.52,+16.346, +2.893,+0.983
1622414700,+3.52,+16.337, +2.898,+0.983
1622415300,+3.52,+16.346, +2.909,+0.983
1622415900,+3.52,+16.371, +2.893,+0.983
1622416500,+3.52,+16.371, +2.900,+0.983
1622417100,+3.52,+16.371, +2.875,+0.983
1622417700,+3.52,+16.363, +2.872,+0.983
1622418300,+3.52,+16.371, +2.856,+0.983
1622418900,+3.52,+16.388, +2.857,+0.983
1622419500,+3.52,+16.371, +2.865,+0.983
1622420100,+3.52,+16.388, +2.841,+0.983
1622420700,+3.52,+16.380, +2.833,+0.983
1622421300,+3.52,+16.363, +2.823,+0.983
1622421900,+3.52,+16.388, +2.832,+0.983
1622422500,+3.52,+16.388, +2.811,+0.983
1622423100,+3.52,+16.397, +2.792,+0.983
1622423700,+3.52,+16.371, +2.786,+0.983
1622424300,+3.52,+16.388, +2.799,+0.983
1622424900,+3.52,+16.388, +2.831,+0.983
1622425500,+3.52,+16.380, +2.850,+0.983
1622426100,+3.52,+16.371, +2.872,+0.983
1622426700,+3.52,+16.363, +2.876,+0.983
1622427300,+3.52,+16.388, +2.876,+0.983
1622427900,+3.52,+16.388, +2.862,+0.983
1622428500,+3.52,+16.388, +2.823,+0.983
1622429100,+3.52,+16.388, +2.794,+0.983
1622429700,+3.52,+16.388, +2.746,+0.983
1622430300,+3.52,+16.388, +2.737,+0.983
1622430900,+3.52,+16.397, +2.728,+0.983
1622431500,+3.52,+16.406, +2.730,+0.983
1622432100,+3.52,+16.380, +2.741,+0.983
1622432700,+3.52,+16.380, +2.753,+0.983
1622433300,+3.52,+16.380, +2.771,+0.983
1622433900,+3.52,+16.397, +2.760,+0.983
1622434500,+3.52,+16.397, +2.778,+0.983
1622435100,+3.52,+16.388, +2.767,+0.983
1622435700,+3.52,+16.388, +2.767,+0.983
1622436300,+3.52,+16.380, +2.753,+0.983
1622436900,+3.52,+16.397, +2.743,+0.983
1622437500,+3.52,+16.406, +2.732,+0.983
1622438100,+3.52,+16.388, +2.719,+0.983
1622438700,+3.52,+16.388, +2.713,+0.983
1622439300,+3.52,+16.397, +2.678,+0.983
1622439900,+3.52,+16.406, +2.681,+0.983
1622440500,+3.52,+16.397, +2.659,+0.983
1622441100,+3.52,+16.397, +2.670,+0.983
1622441700,+3.52,+16.406, +2.674,+0.983
1622442300,+3.52,+16.414, +2.687,+0.983
1622442900,+3.52,+16.406, +2.693,+0.983
1622443500,+3.52,+16.371, +2.695,+0.983
1622444100,+3.52,+16.397, +2.715,+0.983
1622444700,+3.52,+16.397, +2.697,+0.983
1622445300,+3.52,+16.388, +2.707,+0.983
1622445900,+3.52,+16.397, +2.696,+0.983
1622446500,+3.52,+16.406, +2.701,+0.983
1622447100,+3.52,+16.397, +2.692,+0.983
1622447700,+3.52,+16.388, +2.671,+0.983
1622448300,+3.52,+16.406, +2.669,+0.983
1622448900,+3.52,+16.397, +2.660,+0.983
1622449500,+3.52,+16.380, +2.677,+0.983
1622450100,+3.52,+16.397, +2.667,+0.983
1622450700,+3.52,+16.406, +2.678,+0.983
1622451300,+3.52,+16.388, +2.686,+0.983
1622451900,+3.52,+16.406, +2.680,+0.983
1622452500,+3.52,+16.388, +2.690,+0.983
1622453100,+3.52,+16.380, +2.680,+0.983
1622453700,+3.52,+16.414, +2.672,+0.983
1622454300,+3.52,+16.397, +2.638,+0.983
1622454900,+3.52,+16.388, +2.629,+0.983
1622455500,+3.52,+16.380, +2.614,+0.983
1622456100,+3.52,+16.380, +2.611,+0.983
1622456700,+3.52,+16.406, +2.620,+0.983
1622457300,+3.52,+16.380, +2.612,+0.983
1622457900,+3.52,+16.388, +2.633,+0.983
1622458500,+3.52,+16.380, +2.633,+0.983
1622459100,+3.52,+16.380, +2.653,+0.983
1622459700,+3.52,+16.388, +2.656,+0.983
1622460300,+3.52,+16.388, +2.661,+0.983
1622460900,+3.52,+16.388, +2.670,+0.983
1622461500,+3.52,+16.388, +2.654,+0.983
1622462100,+3.52,+16.371, +2.655,+0.983
1622462700,+3.52,+16.388, +2.651,+0.983
1622463300,+3.52,+16.397, +2.653,+0.983
1622463900,+3.52,+16.380, +2.668,+0.983
1622464500,+3.52,+16.397, +2.651,+0.983
1622465100,+3.52,+16.380, +2.648,+0.983
1622465700,+3.52,+16.371, +2.642,+0.983
1622466300,+3.52,+16.380, +2.645,+0.983
1622466900,+3.52,+16.406, +2.656,+0.983
1622467500,+3.52,+16.380, +2.658,+0.983
1622468100,+3.52,+16.371, +2.674,+0.983
1622468700,+3.52,+16.388, +2.664,+0.983
1622469300,+3.52,+16.371, +2.669,+0.983
1622469900,+3.52,+16.380, +2.665,+0.983
1622470500,+3.52,+16.363, +2.648,+0.983
1622471100,+3.52,+16.380, +2.651,+0.983
1622471700,+3.52,+16.380, +2.636,+0.983
1622472300,+3.52,+16.363, +2.636,+0.983
1622472900,+3.52,+16.380, +2.642,+0.983
1622473500,+3.52,+16.363, +2.655,+0.983
1622474100,+3.52,+16.380, +2.670,+0.983
1622474700,+3.52,+16.380, +2.656,+0.983
1622475300,+3.52,+16.380, +2.662,+0.983
1622475900,+3.52,+16.371, +2.643,+0.983
1622476500,+3.52,+16.380, +2.630,+0.983
1622477100,+3.52,+16.388, +2.629,+0.983
1622477700,+3.52,+16.380, +2.613,+0.983
1622478300,+3.52,+16.371, +2.635,+0.983
1622478900,+3.52,+16.380, +2.635,+0.983
1622479500,+3.52,+16.371, +2.644,+0.983
1622480100,+3.52,+16.380, +2.657,+0.983
1622480700,+3.52,+16.363, +2.645,+0.983
1622481300,+3.52,+16.388, +2.642,+0.983
1622481900,+3.52,+16.363, +2.625,+0.983
1622482500,+3.52,+16.363, +2.639,+0.983
1622483100,+3.52,+16.380, +2.645,+0.983
1622483700,+3.52,+16.371, +2.653,+0.983
1622484300,+3.52,+16.371, +2.668,+0.983
1622484900,+3.52,+16.371, +2.641,+0.983
1622485500,+3.52,+16.388, +2.637,+0.983
1622486100,+3.52,+16.380, +2.618,+0.984
1622486700,+3.52,+16.371, +2.600,+0.983
1622487300,+3.52,+16.371, +2.601,+0.983
1622487900,+3.52,+16.388, +2.590,+0.983
1622488500,+3.52,+16.397, +2.608,+0.983
1622489100,+3.52,+16.380, +2.604,+0.983
1622489700,+3.52,+16.388, +2.610,+0.983
1622490300,+3.52,+16.397, +2.608,+0.983
1622490900,+3.52,+16.388, +2.587,+0.983
1622491500,+3.52,+16.388, +2.601,+0.983
1622492100,+3.52,+16.363, +2.592,+0.983
1622492700,+3.52,+16.397, +2.603,+0.983
1622493300,+3.52,+16.380, +2.580,+0.983
1622493900,+3.52,+16.380, +2.565,+0.983
1622494500,+3.52,+16.388, +2.596,+0.983
1622495100,+3.52,+16.406, +2.608,+0.983
1622495700,+3.52,+16.406, +2.645,+0.983
1622496300,+3.52,+16.380, +2.667,+0.983
1622496900,+3.52,+16.388, +2.680,+0.983
1622497500,+3.52,+16.397, +2.666,+0.983
