7450-702726
OS REV: 1.05 Sensor Cal: 1617729677
Time (sec),  BV (Volts),  T (deg C),  DO (mg/l),  Q ()
1625759400,+3.48,+16.482, +5.434,+0.984
1625760000,+3.49,+16.440, +5.447,+0.984
1625760600,+3.49,+16.431, +5.442,+0.984
1625761200,+3.49,+16.423, +5.454,+0.984
1625761800,+3.49,+16.414, +5.453,+0.984
1625762400,+3.49,+16.423, +5.456,+0.984
1625763000,+3.49,+16.423, +5.455,+0.984
1625763600,+3.49,+16.448, +5.452,+0.984
1625764200,+3.49,+16.440, +5.459,+0.985
1625764800,+3.49,+16.448, +5.457,+0.984
1625765400,+3.49,+16.440, +5.463,+0.984
1625766000,+3.49,+16.457, +5.457,+0.984
1625766600,+3.50,+16.440, +5.464,+0.984
1625767200,+3.50,+16.440, +5.468,+0.984
1625767800,+3.50,+16.440, +5.466,+0.984
1625768400,+3.50,+16.457, +5.469,+0.984
1625769000,+3.50,+16.465, +5.466,+0.984
1625769600,+3.50,+16.448, +5.465,+0.984
1625770200,+3.50,+16.388, +5.470,+0.984
1625770800,+3.50,+16.380, +5.478,+0.984
1625771400,+3.50,+16.388, +5.476,+0.984
1625772000,+3.50,+16.414, +5.478,+0.984
1625772600,+3.50,+16.423, +5.480,+0.984
1625773200,+3.50,+16.406, +5.485,+0.984
1625773800,+3.50,+16.423, +5.483,+0.984
1625774400,+3.50,+16.423, +5.485,+0.984
1625775000,+3.50,+16.414, +5.486,+0.984
1625775600,+3.50,+16.431, +5.487,+0.984
1625776200,+3.50,+16.414, +5.493,+0.984
1625776800,+3.50,+16.423, +5.487,+0.984
1625777400,+3.50,+16.414, +5.486,+0.984
1625778000,+3.50,+16.423, +5.492,+0.984
1625778600,+3.50,+16.423, +5.486,+0.984
1625779200,+3.50,+16.423, +5.493,+0.985
1625779800,+3.50,+16.406, +5.497,+0.984
1625780400,+3.50,+16.457, +5.489,+0.984
1625781000,+3.51,+16.414, +5.488,+0.984
1625781600,+3.51,+16.406, +5.503,+0.985
1625782200,+3.51,+16.406, +5.494,+0.984
1625782800,+3.51,+16.423, +5.499,+0.984
1625783400,+3.51,+16.406, +5.497,+0.984
1625784000,+3.51,+16.406, +5.501,+0.984
1625784600,+3.51,+16.414, +5.493,+0.984
1625785200,+3.51,+16.457, +5.507,+0.984
1625785800,+3.51,+16.618, +5.510,+0.984
1625786400,+3.51,+16.805, +5.500,+0.984
1625787000,+3.51,+16.695, +5.493,+0.984
1625787600,+3.51,+16.610, +5.495,+0.984
1625788200,+3.51,+16.567, +5.487,+0.984
1625788800,+3.51,+16.533, +5.483,+0.984
1625789400,+3.51,+16.508, +5.483,+0.984
1625790000,+3.51,+16.474, +5.486,+0.984
1625790600,+3.51,+16.465, +5.481,+0.984
1625791200,+3.51,+16.423, +5.483,+0.984
1625791800,+3.51,+16.440, +5.485,+0.984
1625792400,+3.51,+16.423, +5.483,+0.984
1625793000,+3.51,+16.414, +5.479,+0.984
1625793600,+3.51,+16.388, +5.477,+0.984
1625794200,+3.51,+16.414, +5.469,+0.984
1625794800,+3.51,+16.406, +5.466,+0.984
1625795400,+3.51,+16.423, +5.463,+0.984
1625796000,+3.51,+16.388, +5.464,+0.984
1625796600,+3.51,+16.440, +5.453,+0.984
1625797200,+3.51,+16.414, +5.458,+0.984
1625797800,+3.51,+16.414, +5.448,+0.984
1625798400,+3.51,+16.414, +5.446,+0.984
1625799000,+3.51,+16.397, +5.443,+0.984
1625799600,+3.51,+16.423, +5.446,+0.984
1625800200,+3.51,+16.414, +5.438,+0.984
1625800800,+3.51,+16.423, +5.438,+0.984
1625801400,+3.51,+16.423, +5.431,+0.984
1625802000,+3.51,+16.414, +5.430,+0.984
1625802600,+3.51,+16.431, +5.432,+0.985
1625803200,+3.51,+16.423, +5.427,+0.984
1625803800,+3.51,+16.414, +5.423,+0.984
1625804400,+3.51,+16.406, +5.419,+0.984
1625805000,+3.51,+16.440, +5.413,+0.984
1625805600,+3.51,+16.423, +5.419,+0.985
1625806200,+3.51,+16.431, +5.418,+0.984
1625806800,+3.51,+16.431, +5.410,+0.984
1625807400,+3.51,+16.431, +5.409,+0.984
1625808000,+3.51,+16.440, +5.408,+0.984
1625808600,+3.51,+16.431, +5.409,+0.984
1625809200,+3.51,+16.431, +5.404,+0.984
1625809800,+3.51,+16.448, +5.401,+0.984
1625810400,+3.51,+16.448, +5.395,+0.984
1625811000,+3.51,+16.440, +5.395,+0.984
1625811600,+3.51,+16.414, +5.399,+0.984
1625812200,+3.51,+16.440, +5.392,+0.984
1625812800,+3.51,+16.465, +5.392,+0.984
1625813400,+3.51,+16.440, +5.392,+0.984
1625814000,+3.51,+16.457, +5.389,+0.984
1625814600,+3.51,+16.423, +5.390,+0.984
1625815200,+3.51,+16.423, +5.389,+0.984
1625815800,+3.51,+16.431, +5.391,+0.985
1625816400,+3.51,+16.440, +5.378,+0.984
1625817000,+3.52,+16.406, +5.382,+0.984
1625817600,+3.51,+16.388, +5.380,+0.984
1625818200,+3.51,+16.414, +5.377,+0.984
1625818800,+3.51,+16.406, +5.379,+0.984
1625819400,+3.51,+16.414, +5.369,+0.984
1625820000,+3.52,+16.388, +5.380,+0.984
1625820600,+3.51,+16.406, +5.371,+0.984
1625821200,+3.52,+16.388, +5.375,+0.984
1625821800,+3.52,+16.397, +5.375,+0.984
1625822400,+3.51,+16.397, +5.370,+0.984
1625823000,+3.52,+16.397, +5.365,+0.984
1625823600,+3.52,+16.406, +5.367,+0.984
1625824200,+3.52,+16.397, +5.369,+0.984
1625824800,+3.52,+16.406, +5.365,+0.984
1625825400,+3.52,+16.406, +5.369,+0.984
1625826000,+3.52,+16.380, +5.368,+0.984
1625826600,+3.52,+16.380, +5.365,+0.984
1625827200,+3.52,+16.388, +5.371,+0.984
1625827800,+3.52,+16.380, +5.370,+0.984
1625828400,+3.52,+16.380, +5.368,+0.984
1625829000,+3.52,+16.397, +5.366,+0.984
1625829600,+3.52,+16.406, +5.363,+0.984
1625830200,+3.52,+16.397, +5.362,+0.984
1625830800,+3.52,+16.397, +5.363,+0.984
1625831400,+3.52,+16.397, +5.363,+0.984
1625832000,+3.52,+16.397, +5.360,+0.984
1625832600,+3.52,+16.397, +5.367,+0.985
1625833200,+3.52,+16.397, +5.359,+0.984
1625833800,+3.52,+16.388, +5.360,+0.984
1625834400,+3.52,+16.388, +5.360,+0.984
1625835000,+3.52,+16.380, +5.363,+0.984
1625835600,+3.52,+16.406, +5.367,+0.985
1625836200,+3.52,+16.406, +5.364,+0.984
1625836800,+3.52,+16.414, +5.370,+0.984
1625837400,+3.52,+16.406, +5.375,+0.984
1625838000,+3.52,+16.414, +5.378,+0.984
1625838600,+3.52,+16.440, +5.370,+0.984
1625839200,+3.52,+16.423, +5.385,+0.984
1625839800,+3.52,+16.431, +5.385,+0.984
1625840400,+3.52,+16.448, +5.389,+0.984
1625841000,+3.52,+16.423, +5.406,+0.984
1625841600,+3.52,+16.431, +5.403,+0.984
1625842200,+3.52,+16.448, +5.405,+0.984
1625842800,+3.52,+16.465, +5.410,+0.984
1625843400,+3.52,+16.440, +5.422,+0.984
1625844000,+3.52,+16.431, +5.421,+0.984
1625844600,+3.52,+16.448, +5.430,+0.984
1625845200,+3.52,+16.457, +5.433,+0.984
1625845800,+3.52,+16.423, +5.440,+0.984
