7450-702726
OS REV: 1.05 Sensor Cal: 1617729677
Time (sec),  BV (Volts),  T (deg C),  DO (mg/l),  Q ()
1628525460,+3.52,+16.354, +7.361,+0.978
1628526060,+3.52,+16.397, +7.374,+0.979
1628526660,+3.52,+16.397, +7.402,+0.978
1628527260,+3.52,+16.406, +7.432,+0.978
1628527860,+3.52,+16.423, +7.465,+0.979
1628528460,+3.52,+16.440, +7.483,+0.978
1628529060,+3.52,+16.431, +7.510,+0.979
1628529660,+3.51,+16.491, +7.528,+0.978
1628530260,+3.51,+16.474, +7.557,+0.978
1628530860,+3.51,+16.482, +7.588,+0.979
1628531460,+3.52,+16.474, +7.597,+0.978
1628532060,+3.51,+16.474, +7.632,+0.979
1628532660,+3.51,+16.482, +7.655,+0.979
1628533260,+3.51,+16.482, +7.673,+0.979
1628533860,+3.52,+16.465, +7.693,+0.978
1628534460,+3.51,+16.482, +7.703,+0.978
1628535060,+3.51,+16.499, +7.716,+0.978
1628535660,+3.52,+16.474, +7.741,+0.978
1628536260,+3.52,+16.474, +7.767,+0.978
1628536860,+3.51,+16.533, +7.772,+0.979
1628537460,+3.51,+16.567, +7.765,+0.978
1628538060,+3.51,+16.627, +7.757,+0.978
1628538660,+3.51,+16.686, +7.737,+0.978
1628539260,+3.51,+16.661, +7.749,+0.978
1628539860,+3.51,+16.678, +7.743,+0.978
1628540460,+3.51,+16.678, +7.753,+0.978
1628541060,+3.51,+16.686, +7.748,+0.978
1628541660,+3.51,+16.703, +7.757,+0.979
1628542260,+3.51,+16.695, +7.760,+0.978
1628542860,+3.51,+16.737, +7.759,+0.978
1628543460,+3.51,+16.745, +7.761,+0.979
1628544060,+3.51,+16.762, +7.759,+0.978
1628544660,+3.51,+16.754, +7.772,+0.978
1628545260,+3.52,+16.771, +7.758,+0.978
1628545860,+3.52,+16.779, +7.763,+0.978
1628546460,+3.52,+16.805, +7.760,+0.978
1628547060,+3.52,+16.805, +7.772,+0.978
1628547660,+3.52,+16.822, +7.767,+0.978
1628548260,+3.52,+16.813, +7.774,+0.978
1628548860,+3.52,+16.813, +7.771,+0.978
1628549460,+3.52,+16.822, +7.778,+0.978
1628550060,+3.52,+16.805, +7.778,+0.978
1628550660,+3.52,+16.805, +7.784,+0.978
1628551260,+3.52,+16.805, +7.786,+0.978
1628551860,+3.52,+16.805, +7.793,+0.978
1628552460,+3.52,+16.796, +7.780,+0.978
1628553060,+3.52,+16.796, +7.795,+0.979
1628553660,+3.52,+16.805, +7.790,+0.978
1628554260,+3.52,+16.813, +7.799,+0.978
1628554860,+3.52,+16.847, +7.800,+0.978
1628555460,+3.52,+17.068, +7.771,+0.978
1628556060,+3.52,+17.254, +7.738,+0.978
1628556660,+3.52,+17.440, +7.703,+0.979
1628557260,+3.52,+17.482, +7.620,+0.978
1628557860,+3.52,+17.457, +7.561,+0.978
1628558460,+3.52,+17.432, +7.513,+0.978
1628559060,+3.52,+17.423, +7.451,+0.978
1628559660,+3.52,+17.406, +7.405,+0.978
1628560260,+3.52,+17.423, +7.345,+0.978
1628560860,+3.52,+17.423, +7.297,+0.978
1628561460,+3.52,+17.406, +7.261,+0.978
1628562060,+3.52,+17.415, +7.213,+0.978
1628562660,+3.52,+17.415, +7.167,+0.977
1628563260,+3.52,+17.432, +7.123,+0.978
1628563860,+3.52,+17.432, +7.089,+0.978
1628564460,+3.52,+17.423, +7.054,+0.978
1628565060,+3.52,+17.423, +7.015,+0.978
1628565660,+3.52,+17.415, +6.982,+0.978
1628566260,+3.52,+17.415, +6.947,+0.978
1628566860,+3.52,+17.423, +6.910,+0.978
1628567460,+3.52,+17.415, +6.878,+0.978
1628568060,+3.52,+17.389, +6.855,+0.978
1628568660,+3.52,+17.415, +6.811,+0.978
1628569260,+3.52,+17.415, +6.773,+0.977
1628569860,+3.52,+17.423, +6.756,+0.978
1628570460,+3.52,+17.398, +6.726,+0.978
1628571060,+3.52,+17.406, +6.693,+0.978
1628571660,+3.52,+17.389, +6.679,+0.978
1628572260,+3.52,+17.415, +6.648,+0.978
1628572860,+3.52,+17.398, +6.618,+0.978
1628573460,+3.52,+17.389, +6.594,+0.978
1628574060,+3.52,+17.389, +6.575,+0.978
1628574660,+3.52,+17.406, +6.543,+0.978
1628575260,+3.52,+17.389, +6.529,+0.978
1628575860,+3.52,+17.389, +6.501,+0.978
1628576460,+3.52,+17.389, +6.487,+0.978
1628577060,+3.52,+17.372, +6.472,+0.978
1628577660,+3.52,+17.398, +6.450,+0.978
1628578260,+3.52,+17.356, +6.434,+0.978
1628578860,+3.52,+17.364, +6.415,+0.978
1628579460,+3.52,+17.372, +6.395,+0.978
1628580060,+3.52,+17.372, +6.380,+0.978
1628580660,+3.52,+17.347, +6.365,+0.978
1628581260,+3.52,+17.356, +6.351,+0.978
1628581860,+3.52,+17.339, +6.343,+0.978
1628582460,+3.52,+17.347, +6.323,+0.978
1628583060,+3.52,+17.330, +6.315,+0.978
1628583660,+3.52,+17.339, +6.296,+0.978
1628584260,+3.52,+17.347, +6.277,+0.978
1628584860,+3.52,+17.356, +6.271,+0.978
1628585460,+3.52,+17.330, +6.267,+0.978
1628586060,+3.52,+17.330, +6.252,+0.978
1628586660,+3.52,+17.322, +6.247,+0.978
1628587260,+3.52,+17.313, +6.237,+0.978
1628587860,+3.52,+17.322, +6.226,+0.978
1628588460,+3.52,+17.322, +6.214,+0.978
1628589060,+3.52,+17.296, +6.207,+0.978
1628589660,+3.52,+17.296, +6.195,+0.978
1628590260,+3.52,+17.305, +6.184,+0.978
1628590860,+3.52,+17.296, +6.179,+0.978
1628591460,+3.52,+17.288, +6.176,+0.978
1628592060,+3.52,+17.279, +6.166,+0.978
1628592660,+3.52,+17.271, +6.166,+0.978
1628593260,+3.52,+17.288, +6.152,+0.978
1628593860,+3.52,+17.246, +6.156,+0.978
1628594460,+3.52,+17.262, +6.147,+0.978
1628595060,+3.52,+17.254, +6.139,+0.978
1628595660,+3.52,+17.229, +6.135,+0.978
1628596260,+3.52,+17.262, +6.123,+0.978
1628596860,+3.52,+17.229, +6.123,+0.978
1628597460,+3.52,+17.237, +6.117,+0.978
1628598060,+3.52,+17.212, +6.118,+0.978
1628598660,+3.52,+17.229, +6.110,+0.978
1628599260,+3.52,+17.195, +6.111,+0.978
1628599860,+3.52,+17.195, +6.100,+0.978
1628600460,+3.52,+17.178, +6.110,+0.978
1628601060,+3.52,+17.152, +6.164,+0.978
1628601660,+3.52,+17.152, +6.210,+0.978
1628602260,+3.52,+17.144, +6.250,+0.978
1628602860,+3.52,+17.127, +6.297,+0.978
1628603460,+3.52,+17.119, +6.340,+0.978
1628604060,+3.52,+17.135, +6.379,+0.978
1628604660,+3.52,+17.119, +6.418,+0.978
1628605260,+3.52,+17.144, +6.462,+0.978
1628605860,+3.52,+17.144, +6.497,+0.978
1628606460,+3.52,+17.127, +6.534,+0.978
1628607060,+3.52,+17.119, +6.568,+0.978
1628607660,+3.52,+17.110, +6.610,+0.978
1628608260,+3.52,+17.085, +6.641,+0.978
1628608860,+3.52,+17.093, +6.684,+0.978
1628609460,+3.52,+17.093, +6.714,+0.978
1628610060,+3.52,+17.102, +6.742,+0.978
1628610660,+3.52,+17.093, +6.774,+0.978
1628611260,+3.52,+17.110, +6.798,+0.978
1628611860,+3.52,+17.102, +6.823,+0.978
