7450-415148
OS REV: 1.05 Sensor Cal: 1617731240
Time (sec),  BV (Volts),  T (deg C),  DO (mg/l),  Q ()
1621628100,+3.52,+15.950, +5.933,+0.990
1621628700,+3.52,+15.933, +5.938,+0.990
1621629300,+3.52,+15.950, +5.931,+0.990
1621629900,+3.52,+15.967, +5.928,+0.990
1621630500,+3.52,+15.959, +5.931,+0.990
1621631100,+3.52,+15.942, +5.936,+0.990
1621631700,+3.52,+15.950, +5.924,+0.990
1621632300,+3.52,+15.950, +5.928,+0.990
1621632900,+3.52,+15.976, +5.939,+0.990
1621633500,+3.52,+15.950, +5.945,+0.990
1621634100,+3.52,+15.942, +5.937,+0.990
1621634700,+3.52,+15.959, +5.923,+0.990
1621635300,+3.52,+15.950, +5.943,+0.990
1621635900,+3.52,+15.933, +5.937,+0.990
1621636500,+3.52,+15.924, +5.946,+0.990
1621637100,+3.52,+15.933, +5.940,+0.990
1621637700,+3.52,+15.942, +5.952,+0.990
1621638300,+3.52,+15.933, +5.955,+0.990
1621638900,+3.52,+15.933, +5.948,+0.990
1621639500,+3.52,+15.942, +5.951,+0.990
1621640100,+3.52,+15.916, +5.938,+0.990
1621640700,+3.52,+15.899, +5.944,+0.990
1621641300,+3.52,+15.899, +5.948,+0.990
1621641900,+3.52,+15.899, +5.944,+0.990
1621642500,+3.52,+15.890, +5.949,+0.990
1621643100,+3.52,+15.907, +5.969,+0.990
1621643700,+3.52,+15.882, +5.970,+0.990
1621644300,+3.52,+15.873, +5.976,+0.990
1621644900,+3.52,+15.907, +5.980,+0.990
1621645500,+3.52,+15.890, +5.963,+0.990
1621646100,+3.52,+15.882, +5.947,+0.990
1621646700,+3.52,+15.873, +5.968,+0.990
1621647300,+3.52,+15.856, +5.950,+0.990
1621647900,+3.52,+15.848, +5.932,+0.990
1621648500,+3.52,+15.848, +5.949,+0.990
1621649100,+3.52,+15.848, +5.904,+0.990
1621649700,+3.52,+15.839, +5.906,+0.990
1621650300,+3.52,+15.814, +5.895,+0.990
1621650900,+3.52,+15.805, +5.866,+0.990
1621651500,+3.52,+15.805, +5.896,+0.990
1621652100,+3.52,+15.779, +5.870,+0.990
1621652700,+3.52,+15.779, +5.892,+0.990
1621653300,+3.52,+15.745, +5.865,+0.990
1621653900,+3.52,+15.745, +5.888,+0.990
1621654500,+3.52,+15.737, +5.850,+0.990
1621655100,+3.52,+15.702, +5.864,+0.990
1621655700,+3.52,+15.694, +5.836,+0.990
1621656300,+3.52,+15.685, +5.834,+0.990
1621656900,+3.52,+15.651, +5.821,+0.990
1621657500,+3.52,+15.651, +5.825,+0.991
1621658100,+3.52,+15.651, +5.851,+0.990
1621658700,+3.52,+15.617, +5.832,+0.990
1621659300,+3.52,+15.634, +5.873,+0.990
1621659900,+3.52,+15.625, +5.891,+0.991
1621660500,+3.52,+15.608, +5.832,+0.990
1621661100,+3.52,+15.617, +5.878,+0.991
1621661700,+3.52,+15.608, +5.826,+0.990
1621662300,+3.52,+15.608, +5.856,+0.991
1621662900,+3.52,+15.583, +5.897,+0.991
1621663500,+3.52,+15.583, +5.856,+0.991
1621664100,+3.52,+15.591, +5.883,+0.990
1621664700,+3.52,+15.574, +5.832,+0.990
1621665300,+3.52,+15.566, +5.829,+0.991
1621665900,+3.51,+15.548, +5.894,+0.991
1621666500,+3.52,+15.531, +5.871,+0.991
1621667100,+3.52,+15.548, +5.833,+0.990
1621667700,+3.52,+15.523, +5.836,+0.990
1621668300,+3.52,+15.506, +5.820,+0.990
1621668900,+3.52,+15.506, +5.830,+0.990
1621669500,+3.52,+15.506, +5.822,+0.991
1621670100,+3.52,+15.480, +5.900,+0.990
1621670700,+3.52,+15.471, +5.904,+0.990
1621671300,+3.52,+15.471, +5.922,+0.990
1621671900,+3.52,+15.471, +5.931,+0.990
1621672500,+3.52,+15.463, +5.926,+0.991
1621673100,+3.52,+15.471, +5.924,+0.990
1621673700,+3.52,+15.454, +5.878,+0.991
1621674300,+3.52,+15.480, +5.916,+0.990
1621674900,+3.52,+15.454, +5.949,+0.991
1621675500,+3.52,+15.446, +5.963,+0.990
1621676100,+3.52,+15.420, +5.916,+0.991
1621676700,+3.52,+15.429, +5.911,+0.990
1621677300,+3.52,+15.429, +5.957,+0.990
1621677900,+3.52,+15.454, +5.977,+0.991
1621678500,+3.52,+15.446, +5.949,+0.990
1621679100,+3.52,+15.429, +5.912,+0.991
1621679700,+3.52,+15.386, +5.915,+0.990
1621680300,+3.52,+15.420, +5.906,+0.990
1621680900,+3.52,+15.403, +5.937,+0.990
1621681500,+3.52,+15.377, +5.975,+0.991
1621682100,+3.52,+15.394, +5.997,+0.990
1621682700,+3.52,+15.394, +5.996,+0.991
1621683300,+3.52,+15.403, +5.999,+0.991
1621683900,+3.52,+15.429, +5.966,+0.990
1621684500,+3.52,+15.411, +5.908,+0.990
1621685100,+3.52,+15.429, +5.867,+0.990
1621685700,+3.52,+15.429, +5.868,+0.990
1621686300,+3.52,+15.429, +5.890,+0.991
1621686900,+3.52,+15.463, +5.904,+0.990
1621687500,+3.51,+15.471, +5.900,+0.990
1621688100,+3.51,+15.480, +5.885,+0.991
1621688700,+3.52,+15.497, +5.884,+0.991
1621689300,+3.52,+15.489, +5.903,+0.990
1621689900,+3.51,+15.497, +5.953,+0.991
1621690500,+3.52,+15.489, +5.926,+0.990
1621691100,+3.51,+15.489, +5.902,+0.991
1621691700,+3.52,+15.489, +5.955,+0.991
1621692300,+3.51,+15.497, +5.974,+0.990
1621692900,+3.51,+15.489, +5.921,+0.990
1621693500,+3.52,+15.480, +5.945,+0.991
1621694100,+3.52,+15.463, +5.957,+0.990
1621694700,+3.52,+15.437, +5.987,+0.990
1621695300,+3.52,+15.429, +6.008,+0.991
1621695900,+3.52,+15.446, +5.996,+0.990
1621696500,+3.51,+15.463, +5.996,+0.990
1621697100,+3.51,+15.454, +5.973,+0.990
1621697700,+3.52,+15.446, +5.988,+0.990
1621698300,+3.52,+15.437, +6.008,+0.991
1621698900,+3.52,+15.420, +6.019,+0.991
1621699500,+3.51,+15.446, +6.005,+0.990
1621700100,+3.52,+15.463, +6.007,+0.991
1621700700,+3.51,+15.446, +5.989,+0.990
1621701300,+3.51,+15.471, +5.991,+0.990
1621701900,+3.51,+15.454, +6.011,+0.991
1621702500,+3.52,+15.480, +6.022,+0.991
1621703100,+3.51,+15.471, +6.021,+0.991
1621703700,+3.51,+15.489, +6.014,+0.990
1621704300,+3.51,+15.497, +6.016,+0.990
1621704900,+3.51,+15.471, +6.033,+0.991
1621705500,+3.51,+15.471, +6.062,+0.990
1621706100,+3.51,+15.497, +6.049,+0.991
1621706700,+3.51,+15.506, +6.050,+0.990
1621707300,+3.51,+15.506, +6.077,+0.991
1621707900,+3.51,+15.497, +6.068,+0.991
1621708500,+3.51,+15.523, +6.068,+0.990
1621709100,+3.51,+15.531, +6.093,+0.990
1621709700,+3.52,+15.531, +6.087,+0.991
1621710300,+3.51,+15.523, +6.096,+0.990
1621710900,+3.51,+15.548, +6.115,+0.990
1621711500,+3.51,+15.531, +6.101,+0.990
1621712100,+3.51,+15.540, +6.119,+0.990
1621712700,+3.51,+15.548, +6.122,+0.990
1621713300,+3.51,+15.557, +6.097,+0.990
1621713900,+3.51,+15.574, +6.143,+0.991
1621714500,+3.51,+15.591, +6.121,+0.990
