7450-415148
OS REV: 1.05 Sensor Cal: 1617731240
Time (sec),  BV (Volts),  T (deg C),  DO (mg/l),  Q ()
1624123680,+3.52,+16.597, +5.347,+0.990
1624124280,+3.52,+16.588, +5.326,+0.990
1624124880,+3.52,+16.597, +5.334,+0.990
1624125480,+3.52,+16.605, +5.330,+0.990
1624126080,+3.52,+16.614, +5.318,+0.990
1624126680,+3.52,+16.588, +5.319,+0.990
1624127280,+3.52,+16.597, +5.305,+0.990
1624127880,+3.52,+16.588, +5.305,+0.990
1624128480,+3.52,+16.580, +5.300,+0.990
1624129080,+3.52,+16.563, +5.299,+0.990
1624129680,+3.52,+16.571, +5.284,+0.990
1624130280,+3.52,+16.580, +5.269,+0.990
1624130880,+3.52,+16.563, +5.274,+0.990
1624131480,+3.52,+16.571, +5.268,+0.990
1624132080,+3.52,+16.554, +5.267,+0.990
1624132680,+3.52,+16.571, +5.254,+0.990
1624133280,+3.52,+16.537, +5.264,+0.990
1624133880,+3.52,+16.571, +5.245,+0.990
1624134480,+3.52,+16.529, +5.258,+0.990
1624135080,+3.52,+16.554, +5.250,+0.990
1624135680,+3.52,+16.563, +5.235,+0.990
1624136280,+3.52,+16.546, +5.237,+0.990
1624136880,+3.52,+16.546, +5.233,+0.990
1624137480,+3.52,+16.554, +5.234,+0.990
1624138080,+3.52,+16.554, +5.218,+0.990
1624138680,+3.52,+16.554, +5.219,+0.990
1624139280,+3.52,+16.554, +5.220,+0.990
1624139880,+3.52,+16.554, +5.215,+0.990
1624140480,+3.52,+16.546, +5.214,+0.990
1624141080,+3.52,+16.529, +5.210,+0.990
1624141680,+3.52,+16.529, +5.214,+0.990
1624142280,+3.52,+16.529, +5.201,+0.989
1624142880,+3.52,+16.546, +5.192,+0.990
1624143480,+3.52,+16.529, +5.198,+0.990
1624144080,+3.52,+16.537, +5.171,+0.990
1624144680,+3.52,+16.537, +5.194,+0.990
1624145280,+3.52,+16.563, +5.181,+0.990
1624145880,+3.52,+16.537, +5.188,+0.990
1624146480,+3.52,+16.537, +5.176,+0.990
1624147080,+3.52,+16.546, +5.171,+0.990
1624147680,+3.52,+16.554, +5.171,+0.990
1624148280,+3.52,+16.546, +5.175,+0.990
1624148880,+3.52,+16.546, +5.169,+0.990
1624149480,+3.52,+16.554, +5.160,+0.990
1624150080,+3.52,+16.554, +5.155,+0.990
1624150680,+3.52,+16.537, +5.148,+0.990
1624151280,+3.52,+16.554, +5.147,+0.990
1624151880,+3.52,+16.537, +5.135,+0.990
1624152480,+3.52,+16.537, +5.147,+0.990
1624153080,+3.52,+16.537, +5.150,+0.990
1624153680,+3.52,+16.554, +5.146,+0.991
1624154280,+3.52,+16.546, +5.136,+0.990
1624154880,+3.52,+16.546, +5.132,+0.990
1624155480,+3.52,+16.546, +5.136,+0.990
1624156080,+3.52,+16.529, +5.136,+0.990
1624156680,+3.52,+16.537, +5.122,+0.990
1624157280,+3.52,+16.554, +5.116,+0.990
1624157880,+3.52,+16.571, +5.121,+0.990
1624158480,+3.52,+16.571, +5.117,+0.990
1624159080,+3.52,+16.554, +5.108,+0.990
1624159680,+3.52,+16.588, +5.106,+0.989
1624160280,+3.52,+16.588, +5.104,+0.990
1624160880,+3.52,+16.580, +5.100,+0.990
1624161480,+3.52,+16.571, +5.092,+0.990
1624162080,+3.52,+16.571, +5.103,+0.990
1624162680,+3.52,+16.588, +5.098,+0.990
1624163280,+3.52,+16.571, +5.089,+0.990
1624163880,+3.52,+16.554, +5.103,+0.990
1624164480,+3.52,+16.597, +5.093,+0.990
1624165080,+3.52,+16.563, +5.078,+0.990
1624165680,+3.52,+16.571, +5.072,+0.990
1624166280,+3.52,+16.588, +5.086,+0.990
1624166880,+3.52,+16.571, +5.067,+0.990
1624167480,+3.52,+16.571, +5.066,+0.990
1624168080,+3.52,+16.571, +5.067,+0.990
1624168680,+3.52,+16.580, +5.058,+0.990
1624169280,+3.52,+16.563, +5.050,+0.990
1624169880,+3.52,+16.588, +5.056,+0.990
1624170480,+3.52,+16.580, +5.050,+0.990
1624171080,+3.52,+16.580, +5.041,+0.990
1624171680,+3.52,+16.597, +5.044,+0.990
1624172280,+3.52,+16.614, +5.044,+0.990
1624172880,+3.52,+16.597, +5.023,+0.990
1624173480,+3.52,+16.588, +5.060,+0.990
1624174080,+3.52,+16.597, +5.050,+0.990
1624174680,+3.52,+16.580, +5.035,+0.990
1624175280,+3.52,+16.597, +5.029,+0.990
1624175880,+3.52,+16.597, +5.024,+0.990
1624176480,+3.52,+16.597, +5.023,+0.990
1624177080,+3.52,+16.605, +5.011,+0.990
1624177680,+3.52,+16.605, +5.010,+0.990
1624178280,+3.52,+16.605, +5.007,+0.990
1624178880,+3.52,+16.605, +5.004,+0.990
1624179480,+3.52,+16.597, +5.019,+0.990
1624180080,+3.52,+16.588, +5.009,+0.990
1624180680,+3.52,+16.605, +4.993,+0.990
1624181280,+3.52,+16.588, +4.999,+0.990
1624181880,+3.52,+16.597, +5.000,+0.990
1624182480,+3.52,+16.580, +4.983,+0.990
1624183080,+3.52,+16.622, +4.990,+0.990
1624183680,+3.52,+16.588, +4.988,+0.990
1624184280,+3.52,+16.597, +4.965,+0.990
1624184880,+3.52,+16.614, +4.988,+0.990
1624185480,+3.52,+16.614, +4.977,+0.990
1624186080,+3.52,+16.605, +4.971,+0.990
1624186680,+3.52,+16.622, +4.976,+0.990
1624187280,+3.52,+16.597, +4.966,+0.990
1624187880,+3.52,+16.597, +4.954,+0.990
1624188480,+3.52,+16.631, +4.967,+0.990
1624189080,+3.52,+16.597, +4.959,+0.990
1624189680,+3.52,+16.605, +4.940,+0.990
1624190280,+3.52,+16.605, +4.960,+0.990
1624190880,+3.52,+16.605, +4.955,+0.990
1624191480,+3.52,+16.622, +4.937,+0.990
1624192080,+3.52,+16.622, +4.955,+0.990
1624192680,+3.52,+16.614, +4.958,+0.990
1624193280,+3.52,+16.614, +4.929,+0.990
1624193880,+3.52,+16.622, +4.943,+0.990
1624194480,+3.52,+16.622, +4.940,+0.990
1624195080,+3.52,+16.614, +4.929,+0.990
1624195680,+3.52,+16.639, +4.944,+0.990
1624196280,+3.52,+16.614, +4.939,+0.990
1624196880,+3.52,+16.614, +4.922,+0.990
1624197480,+3.52,+16.639, +4.937,+0.990
1624198080,+3.52,+16.614, +4.925,+0.990
1624198680,+3.52,+16.631, +4.909,+0.990
1624199280,+3.52,+16.639, +4.914,+0.990
1624199880,+3.52,+16.631, +4.906,+0.990
1624200480,+3.52,+16.631, +4.897,+0.990
1624201080,+3.52,+16.656, +4.914,+0.990
1624201680,+3.52,+16.639, +4.922,+0.990
1624202280,+3.52,+16.639, +4.902,+0.990
1624202880,+3.52,+16.648, +4.903,+0.990
1624203480,+3.52,+16.656, +4.914,+0.990
1624204080,+3.52,+16.639, +4.902,+0.990
1624204680,+3.52,+16.622, +4.884,+0.990
1624205280,+3.52,+16.673, +4.901,+0.990
1624205880,+3.52,+16.622, +4.895,+0.990
1624206480,+3.52,+16.622, +4.887,+0.990
1624207080,+3.52,+16.631, +4.869,+0.990
1624207680,+3.52,+16.639, +4.906,+0.991
1624208280,+3.52,+16.622, +4.883,+0.990
1624208880,+3.52,+16.614, +4.872,+0.990
1624209480,+3.52,+16.597, +4.863,+0.990
1624210080,+3.52,+16.648, +4.869,+0.990
