7450-415148
OS REV: 1.05 Sensor Cal: 1617731240
Time (sec),  BV (Volts),  T (deg C),  DO (mg/l),  Q ()
1625684460,+3.51,+16.503, +5.095,+0.990
1625685060,+3.52,+16.529, +5.096,+0.990
1625685660,+3.51,+16.503, +5.076,+0.990
1625686260,+3.52,+16.520, +5.091,+0.990
1625686860,+3.52,+16.495, +5.076,+0.990
1625687460,+3.52,+16.503, +5.094,+0.990
1625688060,+3.51,+16.563, +5.107,+0.990
1625688660,+3.52,+16.682, +5.061,+0.990
1625689260,+3.52,+16.784, +5.048,+0.990
1625689860,+3.52,+16.902, +4.985,+0.990
1625690460,+3.52,+17.021, +4.977,+0.990
1625691060,+3.52,+17.114, +4.843,+0.990
1625691660,+3.52,+17.055, +5.078,+0.989
1625692260,+3.52,+17.004, +5.088,+0.990
1625692860,+3.52,+16.868, +5.090,+0.989
1625693460,+3.52,+16.792, +5.119,+0.990
1625694060,+3.52,+16.784, +5.115,+0.990
1625694660,+3.52,+16.733, +5.105,+0.990
1625695260,+3.52,+16.716, +5.095,+0.990
1625695860,+3.52,+16.673, +5.063,+0.990
1625696460,+3.51,+16.656, +5.071,+0.989
1625697060,+3.51,+16.631, +5.093,+0.990
1625697660,+3.51,+16.622, +5.094,+0.990
1625698260,+3.52,+16.580, +5.081,+0.990
1625698860,+3.52,+16.580, +5.102,+0.990
1625699460,+3.52,+16.571, +5.072,+0.990
1625700060,+3.51,+16.571, +5.062,+0.990
1625700660,+3.52,+16.554, +4.951,+0.990
1625701260,+3.52,+16.546, +5.025,+0.990
1625701860,+3.52,+16.512, +5.080,+0.990
1625702460,+3.51,+16.529, +5.010,+0.990
1625703060,+3.52,+16.503, +4.997,+0.990
1625703660,+3.52,+16.503, +5.059,+0.990
1625704260,+3.52,+16.503, +5.002,+0.990
1625704860,+3.52,+16.487, +5.062,+0.990
1625705460,+3.52,+16.461, +5.081,+0.990
1625706060,+3.52,+16.487, +5.086,+0.990
1625706660,+3.52,+16.461, +5.110,+0.990
1625707260,+3.52,+16.470, +5.147,+0.990
1625707860,+3.52,+16.453, +5.139,+0.990
1625708460,+3.52,+16.453, +5.160,+0.990
1625709060,+3.52,+16.453, +5.119,+0.990
1625709660,+3.52,+16.453, +5.160,+0.990
1625710260,+3.52,+16.444, +5.124,+0.990
1625710860,+3.52,+16.436, +5.136,+0.990
1625711460,+3.52,+16.427, +5.114,+0.990
1625712060,+3.52,+16.444, +5.129,+0.990
1625712660,+3.52,+16.453, +5.125,+0.990
1625713260,+3.52,+16.444, +5.132,+0.990
1625713860,+3.52,+16.427, +5.134,+0.990
1625714460,+3.52,+16.427, +5.118,+0.990
1625715060,+3.52,+16.444, +5.142,+0.990
1625715660,+3.52,+16.427, +5.136,+0.990
1625716260,+3.52,+16.436, +5.137,+0.990
1625716860,+3.52,+16.444, +5.106,+0.990
1625717460,+3.52,+16.453, +5.155,+0.990
1625718060,+3.52,+16.444, +5.121,+0.990
1625718660,+3.52,+16.444, +5.143,+0.990
1625719260,+3.52,+16.427, +5.114,+0.990
1625719860,+3.52,+16.436, +5.139,+0.990
1625720460,+3.52,+16.444, +5.133,+0.990
1625721060,+3.52,+16.436, +5.125,+0.990
1625721660,+3.52,+16.461, +5.137,+0.990
1625722260,+3.52,+16.427, +5.127,+0.990
1625722860,+3.52,+16.470, +5.128,+0.990
1625723460,+3.52,+16.436, +5.115,+0.990
1625724060,+3.52,+16.444, +5.141,+0.990
1625724660,+3.52,+16.453, +5.109,+0.990
1625725260,+3.52,+16.436, +5.138,+0.990
1625725860,+3.52,+16.453, +5.140,+0.990
1625726460,+3.52,+16.453, +5.118,+0.990
1625727060,+3.52,+16.453, +5.138,+0.990
1625727660,+3.52,+16.427, +5.119,+0.990
1625728260,+3.52,+16.453, +5.145,+0.990
1625728860,+3.52,+16.461, +5.118,+0.990
1625729460,+3.52,+16.470, +5.127,+0.990
1625730060,+3.52,+16.461, +5.131,+0.990
1625730660,+3.52,+16.444, +5.133,+0.990
1625731260,+3.52,+16.470, +5.147,+0.990
1625731860,+3.52,+16.453, +5.118,+0.990
1625732460,+3.52,+16.461, +5.150,+0.990
1625733060,+3.52,+16.436, +5.122,+0.990
1625733660,+3.52,+16.453, +5.153,+0.990
1625734260,+3.52,+16.461, +5.126,+0.990
1625734860,+3.52,+16.444, +5.130,+0.990
1625735460,+3.52,+16.470, +5.134,+0.990
1625736060,+3.52,+16.444, +5.134,+0.990
1625736660,+3.52,+16.478, +5.152,+0.990
1625737260,+3.52,+16.453, +5.117,+0.990
1625737860,+3.52,+16.461, +5.128,+0.990
1625738460,+3.52,+16.444, +5.108,+0.990
1625739060,+3.52,+16.453, +5.150,+0.990
1625739660,+3.52,+16.444, +5.136,+0.990
1625740260,+3.52,+16.461, +5.143,+0.990
1625740860,+3.52,+16.453, +5.161,+0.990
1625741460,+3.52,+16.461, +5.158,+0.990
1625742060,+3.52,+16.461, +5.168,+0.990
1625742660,+3.52,+16.470, +5.136,+0.990
1625743260,+3.52,+16.470, +5.158,+0.990
1625743860,+3.52,+16.461, +5.127,+0.990
1625744460,+3.52,+16.461, +5.145,+0.990
1625745060,+3.52,+16.453, +5.131,+0.990
1625745660,+3.52,+16.453, +5.136,+0.990
1625746260,+3.52,+16.453, +5.134,+0.990
1625746860,+3.52,+16.436, +5.138,+0.990
1625747460,+3.52,+16.453, +5.149,+0.990
1625748060,+3.52,+16.427, +5.127,+0.990
1625748660,+3.52,+16.461, +5.127,+0.990
1625749260,+3.52,+16.453, +5.154,+0.990
1625749860,+3.52,+16.461, +5.149,+0.990
1625750460,+3.52,+16.427, +5.175,+0.990
1625751060,+3.52,+16.470, +5.131,+0.990
1625751660,+3.52,+16.444, +5.149,+0.990
1625752260,+3.52,+16.453, +5.124,+0.990
1625752860,+3.52,+16.436, +5.149,+0.990
1625753460,+3.52,+16.453, +5.118,+0.990
1625754060,+3.52,+16.436, +5.154,+0.990
1625754660,+3.52,+16.436, +5.132,+0.990
1625755260,+3.52,+16.436, +5.135,+0.990
1625755860,+3.52,+16.410, +5.118,+0.990
1625756460,+3.52,+16.436, +5.145,+0.990
1625757060,+3.52,+16.410, +5.125,+0.990
1625757660,+3.52,+16.427, +5.129,+0.990
1625758260,+3.52,+16.410, +5.116,+0.990
1625758860,+3.52,+16.436, +5.120,+0.990
1625759460,+3.52,+16.393, +5.128,+0.990
1625760060,+3.52,+16.410, +5.116,+0.990
1625760660,+3.52,+16.418, +5.126,+0.990
1625761260,+3.52,+16.418, +5.139,+0.990
1625761860,+3.52,+16.410, +5.126,+0.990
1625762460,+3.52,+16.418, +5.141,+0.990
1625763060,+3.52,+16.401, +5.130,+0.990
1625763660,+3.52,+16.427, +5.126,+0.990
1625764260,+3.52,+16.410, +5.122,+0.990
1625764860,+3.52,+16.418, +5.126,+0.990
1625765460,+3.52,+16.401, +5.112,+0.990
1625766060,+3.52,+16.418, +5.115,+0.990
1625766660,+3.52,+16.427, +5.119,+0.990
1625767260,+3.52,+16.427, +5.113,+0.990
1625767860,+3.52,+17.917, +7.426,+0.989
1625768460,+3.51,+18.531, +7.350,+0.990
1625769060,+3.51,+18.809, +7.297,+0.988
1625769660,+3.52,+19.212, +7.243,+0.987
1625770260,+3.51,+19.823, +7.153,+0.987
1625770860,+3.52,+20.418, +7.073,+0.987
