7450-701237
OS REV: 1.05 Sensor Cal: 1617730440
Time (sec),  BV (Volts),  T (deg C),  DO (mg/l),  Q ()
1630351440,+3.52,+16.026, +8.094,+0.986
1630352040,+3.52,+16.026, +8.092,+0.987
1630352640,+3.52,+16.009, +8.090,+0.986
1630353240,+3.52,+16.026, +8.086,+0.987
1630353840,+3.52,+16.026, +8.084,+0.986
1630354440,+3.52,+16.043, +8.077,+0.987
1630355040,+3.52,+16.026, +8.076,+0.986
1630355640,+3.52,+16.026, +8.081,+0.987
1630356240,+3.52,+16.009, +8.074,+0.986
1630356840,+3.52,+16.120, +8.073,+0.986
1630357440,+3.52,+16.137, +8.065,+0.987
1630358040,+3.52,+16.086, +8.054,+0.986
1630358640,+3.52,+16.035, +8.057,+0.986
1630359240,+3.52,+16.035, +8.060,+0.987
1630359840,+3.52,+16.043, +8.058,+0.986
1630360440,+3.52,+16.026, +8.050,+0.987
1630361040,+3.52,+16.035, +8.052,+0.987
1630361640,+3.52,+16.009, +8.061,+0.987
1630362240,+3.52,+16.001, +8.048,+0.986
1630362840,+3.52,+16.018, +8.050,+0.986
1630363440,+3.52,+16.001, +8.055,+0.986
1630364040,+3.52,+15.992, +8.053,+0.987
1630364640,+3.52,+16.009, +8.046,+0.986
1630365240,+3.52,+16.009, +8.044,+0.986
1630365840,+3.52,+16.001, +8.043,+0.986
1630366440,+3.52,+16.018, +8.038,+0.987
1630367040,+3.52,+16.001, +8.044,+0.987
1630367640,+3.52,+16.026, +8.039,+0.986
1630368240,+3.52,+16.001, +8.033,+0.986
1630368840,+3.52,+16.001, +8.037,+0.987
1630369440,+3.52,+15.983, +8.025,+0.986
1630370040,+3.52,+15.975, +8.035,+0.986
1630370640,+3.52,+16.001, +8.016,+0.986
1630371240,+3.52,+15.958, +7.962,+0.986
1630371840,+3.52,+15.949, +7.896,+0.986
1630372440,+3.52,+15.941, +7.849,+0.986
1630373040,+3.52,+15.949, +7.799,+0.986
1630373640,+3.52,+15.924, +7.770,+0.986
1630374240,+3.52,+15.915, +7.743,+0.987
1630374840,+3.52,+15.907, +7.715,+0.987
1630375440,+3.52,+15.932, +7.684,+0.986
1630376040,+3.52,+15.907, +7.681,+0.987
1630376640,+3.52,+15.898, +7.655,+0.986
1630377240,+3.52,+15.924, +7.641,+0.986
1630377840,+3.52,+15.915, +7.634,+0.986
1630378440,+3.52,+15.898, +7.635,+0.987
1630379040,+3.52,+15.890, +7.621,+0.987
1630379640,+3.52,+15.907, +7.607,+0.986
1630380240,+3.52,+15.915, +7.608,+0.987
1630380840,+3.52,+15.890, +7.603,+0.986
1630381440,+3.52,+15.890, +7.601,+0.986
1630382040,+3.52,+15.915, +7.599,+0.987
1630382640,+3.52,+15.915, +7.589,+0.986
1630383240,+3.52,+15.915, +7.580,+0.986
1630383840,+3.52,+15.907, +7.587,+0.986
1630384440,+3.52,+15.924, +7.583,+0.986
1630385040,+3.52,+15.881, +7.589,+0.986
1630385640,+3.52,+15.915, +7.574,+0.986
1630386240,+3.52,+15.915, +7.587,+0.986
1630386840,+3.52,+15.932, +7.584,+0.986
1630387440,+3.52,+15.890, +7.586,+0.986
1630388040,+3.52,+15.924, +7.581,+0.987
1630388640,+3.52,+15.924, +7.584,+0.987
1630389240,+3.52,+15.898, +7.578,+0.986
1630389840,+3.52,+15.932, +7.579,+0.986
1630390440,+3.52,+15.924, +7.578,+0.986
1630391040,+3.52,+15.907, +7.579,+0.986
1630391640,+3.52,+15.932, +7.579,+0.986
1630392240,+3.52,+15.932, +7.584,+0.987
1630392840,+3.52,+15.898, +7.578,+0.986
1630393440,+3.52,+15.915, +7.583,+0.986
1630394040,+3.52,+15.924, +7.582,+0.986
1630394640,+3.52,+15.907, +7.586,+0.987
1630395240,+3.52,+15.915, +7.586,+0.986
1630395840,+3.52,+15.907, +7.593,+0.986
1630396440,+3.52,+15.907, +7.587,+0.987
1630397040,+3.52,+15.924, +7.584,+0.986
1630397640,+3.52,+15.907, +7.598,+0.987
1630398240,+3.52,+15.924, +7.578,+0.986
1630398840,+3.52,+15.924, +7.580,+0.986
1630399440,+3.52,+15.907, +7.586,+0.986
1630400040,+3.52,+15.907, +7.587,+0.986
1630400640,+3.52,+15.915, +7.593,+0.986
1630401240,+3.52,+15.898, +7.582,+0.986
1630401840,+3.52,+15.924, +7.582,+0.986
1630402440,+3.52,+15.924, +7.586,+0.986
1630403040,+3.52,+15.907, +7.587,+0.986
1630403640,+3.52,+15.907, +7.586,+0.986
1630404240,+3.52,+15.907, +7.597,+0.987
1630404840,+3.52,+15.898, +7.588,+0.986
1630405440,+3.52,+15.907, +7.593,+0.987
1630406040,+3.52,+15.924, +7.584,+0.986
1630406640,+3.52,+15.881, +7.589,+0.986
1630407240,+3.52,+15.898, +7.592,+0.986
1630407840,+3.52,+15.915, +7.592,+0.986
1630408440,+3.52,+15.898, +7.590,+0.986
1630409040,+3.52,+15.907, +7.590,+0.986
1630409640,+3.52,+15.915, +7.594,+0.987
1630410240,+3.52,+15.924, +7.587,+0.986
1630410840,+3.52,+15.898, +7.584,+0.986
1630411440,+3.52,+15.915, +7.592,+0.986
1630412040,+3.52,+15.915, +7.596,+0.986
1630412640,+3.52,+15.915, +7.585,+0.986
1630413240,+3.52,+15.898, +7.590,+0.986
1630413840,+3.52,+15.924, +7.590,+0.987
1630414440,+3.52,+15.898, +7.608,+0.987
1630415040,+3.52,+15.941, +7.640,+0.986
1630415640,+3.52,+15.941, +7.702,+0.987
1630416240,+3.52,+15.958, +7.738,+0.986
1630416840,+3.52,+15.966, +7.779,+0.986
1630417440,+3.52,+15.966, +7.819,+0.986
1630418040,+3.52,+15.958, +7.842,+0.986
1630418640,+3.52,+15.966, +7.868,+0.986
1630419240,+3.52,+15.992, +7.884,+0.986
1630419840,+3.52,+15.983, +7.910,+0.986
1630420440,+3.52,+16.001, +7.916,+0.986
1630421040,+3.52,+15.966, +7.940,+0.986
1630421640,+3.52,+15.983, +7.946,+0.987
1630422240,+3.52,+16.001, +7.948,+0.986
1630422840,+3.52,+16.001, +7.966,+0.986
1630423440,+3.52,+15.983, +7.963,+0.986
1630424040,+3.52,+15.983, +7.978,+0.986
1630424640,+3.52,+16.009, +7.974,+0.986
1630425240,+3.52,+16.018, +7.985,+0.986
1630425840,+3.52,+15.992, +7.978,+0.986
1630426440,+3.52,+15.992, +7.994,+0.987
1630427040,+3.52,+16.001, +7.996,+0.986
1630427640,+3.52,+15.983, +8.002,+0.986
1630428240,+3.52,+16.001, +7.990,+0.986
1630428840,+3.52,+16.001, +7.997,+0.986
1630429440,+3.52,+16.001, +8.005,+0.986
1630430040,+3.52,+15.983, +7.999,+0.986
1630430640,+3.52,+15.992, +8.009,+0.987
1630431240,+3.52,+15.958, +8.015,+0.987
1630431840,+3.52,+16.001, +8.000,+0.986
1630432440,+3.52,+15.992, +8.003,+0.986
1630433040,+3.52,+15.983, +8.007,+0.987
1630433640,+3.52,+16.018, +8.008,+0.987
1630434240,+3.52,+16.001, +8.010,+0.987
1630434840,+3.52,+15.992, +7.995,+0.986
1630435440,+3.52,+16.001, +8.006,+0.986
1630436040,+3.52,+16.018, +8.003,+0.986
1630436640,+3.52,+15.992, +8.014,+0.987
1630437240,+3.52,+15.975, +8.008,+0.986
1630437840,+3.52,+16.026, +8.006,+0.987
