7450-701237
OS REV: 1.05 Sensor Cal: 1617730440
Time (sec),  BV (Volts),  T (deg C),  DO (mg/l),  Q ()
1629481440,+3.52,+15.915, +8.187,+0.986
1629482040,+3.53,+15.915, +8.196,+0.986
1629482640,+3.52,+15.907, +8.201,+0.987
1629483240,+3.53,+15.898, +8.206,+0.987
1629483840,+3.53,+15.941, +8.196,+0.987
1629484440,+3.52,+15.932, +8.191,+0.986
1629485040,+3.53,+15.932, +8.203,+0.987
1629485640,+3.52,+15.915, +8.205,+0.986
1629486240,+3.53,+15.924, +8.207,+0.986
1629486840,+3.53,+15.924, +8.205,+0.986
1629487440,+3.52,+15.924, +8.215,+0.987
1629488040,+3.52,+15.958, +8.193,+0.986
1629488640,+3.52,+16.009, +8.189,+0.986
1629489240,+3.52,+16.035, +8.188,+0.986
1629489840,+3.52,+16.060, +8.171,+0.986
1629490440,+3.52,+16.069, +8.154,+0.986
1629491040,+3.52,+16.060, +8.154,+0.986
1629491640,+3.52,+16.060, +8.143,+0.986
1629492240,+3.52,+16.035, +8.152,+0.987
1629492840,+3.52,+16.043, +8.138,+0.986
1629493440,+3.52,+16.026, +8.141,+0.987
1629494040,+3.52,+16.060, +8.124,+0.986
1629494640,+3.52,+16.043, +8.130,+0.987
1629495240,+3.52,+16.060, +8.116,+0.986
1629495840,+3.52,+16.043, +8.120,+0.986
1629496440,+3.52,+16.026, +8.120,+0.986
1629497040,+3.52,+16.026, +8.113,+0.986
1629497640,+3.52,+16.043, +8.117,+0.987
1629498240,+3.52,+16.026, +8.112,+0.986
1629498840,+3.52,+16.035, +8.111,+0.986
1629499440,+3.52,+16.069, +8.100,+0.986
1629500040,+3.52,+16.060, +8.111,+0.986
1629500640,+3.52,+16.060, +8.112,+0.986
1629501240,+3.52,+16.060, +8.114,+0.986
1629501840,+3.52,+16.094, +8.103,+0.986
1629502440,+3.52,+16.094, +8.106,+0.986
1629503040,+3.52,+16.094, +8.105,+0.986
1629503640,+3.52,+16.077, +8.104,+0.986
1629504240,+3.52,+16.069, +8.108,+0.986
1629504840,+3.52,+16.077, +8.111,+0.987
1629505440,+3.52,+16.069, +8.105,+0.986
1629506040,+3.52,+16.094, +8.091,+0.986
1629506640,+3.52,+16.086, +8.096,+0.987
1629507240,+3.52,+16.069, +8.034,+0.986
1629507840,+3.52,+16.035, +7.985,+0.986
1629508440,+3.52,+16.009, +7.936,+0.986
1629509040,+3.52,+16.035, +7.876,+0.986
1629509640,+3.52,+16.035, +7.840,+0.986
1629510240,+3.52,+16.018, +7.803,+0.986
1629510840,+3.52,+16.009, +7.768,+0.986
1629511440,+3.52,+16.001, +7.748,+0.986
1629512040,+3.52,+16.001, +7.728,+0.987
1629512640,+3.52,+15.983, +7.709,+0.986
1629513240,+3.52,+15.992, +7.686,+0.986
1629513840,+3.52,+15.992, +7.671,+0.986
1629514440,+3.53,+15.975, +7.666,+0.986
1629515040,+3.52,+15.966, +7.658,+0.986
1629515640,+3.53,+15.958, +7.650,+0.986
1629516240,+3.52,+15.966, +7.643,+0.987
1629516840,+3.53,+15.966, +7.635,+0.986
1629517440,+3.53,+15.949, +7.640,+0.986
1629518040,+3.53,+15.949, +7.632,+0.986
1629518640,+3.53,+15.941, +7.627,+0.986
1629519240,+3.53,+15.941, +7.633,+0.986
1629519840,+3.53,+15.966, +7.622,+0.986
1629520440,+3.52,+15.932, +7.631,+0.986
1629521040,+3.53,+15.941, +7.631,+0.986
1629521640,+3.53,+15.949, +7.627,+0.986
1629522240,+3.53,+15.949, +7.627,+0.986
1629522840,+3.53,+15.941, +7.625,+0.986
1629523440,+3.53,+15.941, +7.630,+0.986
1629524040,+3.53,+15.932, +7.626,+0.986
1629524640,+3.53,+15.932, +7.630,+0.986
1629525240,+3.52,+15.941, +7.630,+0.986
1629525840,+3.53,+15.941, +7.632,+0.986
1629526440,+3.53,+15.932, +7.638,+0.986
1629527040,+3.52,+15.949, +7.629,+0.986
1629527640,+3.53,+15.949, +7.633,+0.986
1629528240,+3.53,+15.941, +7.632,+0.986
1629528840,+3.53,+15.924, +7.637,+0.986
1629529440,+3.53,+15.941, +7.633,+0.986
1629530040,+3.53,+15.949, +7.622,+0.985
1629530640,+3.53,+15.932, +7.639,+0.986
1629531240,+3.53,+15.941, +7.644,+0.987
1629531840,+3.53,+15.932, +7.639,+0.987
1629532440,+3.53,+15.924, +7.635,+0.986
1629533040,+3.52,+15.915, +7.640,+0.986
1629533640,+3.52,+15.932, +7.633,+0.986
1629534240,+3.53,+15.898, +7.640,+0.986
1629534840,+3.53,+15.924, +7.637,+0.986
1629535440,+3.53,+15.924, +7.639,+0.986
1629536040,+3.53,+15.924, +7.638,+0.987
1629536640,+3.53,+15.932, +7.632,+0.986
1629537240,+3.53,+15.907, +7.638,+0.986
1629537840,+3.53,+15.907, +7.644,+0.986
1629538440,+3.53,+15.915, +7.638,+0.986
1629539040,+3.53,+15.924, +7.629,+0.986
1629539640,+3.53,+15.924, +7.637,+0.986
1629540240,+3.52,+15.915, +7.640,+0.986
1629540840,+3.53,+15.915, +7.633,+0.986
1629541440,+3.53,+15.932, +7.627,+0.986
1629542040,+3.53,+15.898, +7.630,+0.986
1629542640,+3.53,+15.898, +7.640,+0.986
1629543240,+3.53,+15.915, +7.629,+0.986
1629543840,+3.53,+15.907, +7.635,+0.986
1629544440,+3.53,+15.890, +7.637,+0.986
1629545040,+3.53,+15.890, +7.640,+0.987
1629545640,+3.53,+15.881, +7.640,+0.986
1629546240,+3.52,+15.890, +7.634,+0.986
1629546840,+3.53,+15.881, +7.639,+0.986
1629547440,+3.52,+15.941, +7.634,+0.986
1629548040,+3.53,+15.949, +7.634,+0.986
1629548640,+3.52,+15.941, +7.632,+0.986
1629549240,+3.53,+15.924, +7.633,+0.986
1629549840,+3.52,+15.915, +7.635,+0.986
1629550440,+3.52,+15.915, +7.635,+0.986
1629551040,+3.52,+15.932, +7.680,+0.986
1629551640,+3.52,+15.924, +7.738,+0.986
1629552240,+3.52,+15.949, +7.786,+0.986
1629552840,+3.52,+15.932, +7.830,+0.986
1629553440,+3.52,+15.958, +7.865,+0.986
1629554040,+3.52,+15.958, +7.904,+0.986
1629554640,+3.53,+15.966, +7.922,+0.986
1629555240,+3.52,+15.983, +7.940,+0.986
1629555840,+3.52,+15.992, +7.964,+0.986
1629556440,+3.52,+16.009, +7.972,+0.986
1629557040,+3.52,+16.001, +7.997,+0.986
1629557640,+3.52,+16.001, +8.005,+0.986
1629558240,+3.52,+16.001, +8.011,+0.986
1629558840,+3.52,+16.018, +8.024,+0.987
1629559440,+3.52,+16.001, +8.028,+0.986
1629560040,+3.52,+16.018, +8.035,+0.986
1629560640,+3.52,+16.018, +8.038,+0.986
1629561240,+3.52,+16.043, +8.045,+0.987
1629561840,+3.52,+16.052, +8.045,+0.986
1629562440,+3.52,+16.077, +8.040,+0.986
1629563040,+3.52,+16.077, +8.043,+0.986
1629563640,+3.52,+16.086, +8.045,+0.986
1629564240,+3.52,+16.094, +8.048,+0.987
1629564840,+3.52,+16.120, +8.041,+0.986
1629565440,+3.52,+16.103, +8.041,+0.986
1629566040,+3.52,+16.128, +8.037,+0.986
1629566640,+3.52,+16.120, +8.041,+0.986
1629567240,+3.52,+16.094, +8.044,+0.986
1629567840,+3.52,+16.111, +8.033,+0.986
