7450-701237
OS REV: 1.05 Sensor Cal: 1617730440
Time (sec),  BV (Volts),  T (deg C),  DO (mg/l),  Q ()
1629829440,+3.52,+16.009, +8.165,+0.987
1629830040,+3.52,+15.992, +8.156,+0.986
1629830640,+3.52,+16.001, +8.167,+0.987
1629831240,+3.52,+16.001, +8.169,+0.987
1629831840,+3.52,+16.018, +8.157,+0.986
1629832440,+3.52,+15.992, +8.164,+0.986
1629833040,+3.52,+15.992, +8.161,+0.986
1629833640,+3.52,+16.009, +8.155,+0.986
1629834240,+3.52,+16.009, +8.166,+0.987
1629834840,+3.52,+16.009, +8.170,+0.987
1629835440,+3.52,+16.018, +8.165,+0.987
1629836040,+3.52,+15.983, +8.170,+0.986
1629836640,+3.52,+16.026, +8.145,+0.986
1629837240,+3.52,+16.001, +8.163,+0.986
1629837840,+3.52,+16.001, +8.160,+0.986
1629838440,+3.52,+16.026, +8.165,+0.987
1629839040,+3.52,+16.009, +8.170,+0.987
1629839640,+3.52,+15.992, +8.168,+0.987
1629840240,+3.52,+16.001, +8.157,+0.986
1629840840,+3.52,+16.026, +8.158,+0.987
1629841440,+3.52,+16.018, +8.163,+0.987
1629842040,+3.52,+16.018, +8.163,+0.986
1629842640,+3.52,+16.009, +8.159,+0.986
1629843240,+3.52,+16.001, +8.154,+0.986
1629843840,+3.52,+16.026, +8.153,+0.986
1629844440,+3.52,+16.009, +8.161,+0.986
1629845040,+3.52,+16.035, +8.150,+0.986
1629845640,+3.52,+16.009, +8.153,+0.986
1629846240,+3.52,+15.992, +8.149,+0.986
1629846840,+3.52,+16.009, +8.150,+0.986
1629847440,+3.52,+16.009, +8.155,+0.986
1629848040,+3.52,+16.009, +8.161,+0.987
1629848640,+3.52,+16.001, +8.149,+0.986
1629849240,+3.52,+15.983, +8.149,+0.987
1629849840,+3.52,+16.001, +8.149,+0.986
1629850440,+3.52,+16.026, +8.139,+0.987
1629851040,+3.52,+16.035, +8.138,+0.987
1629851640,+3.52,+16.035, +8.135,+0.986
1629852240,+3.52,+16.026, +8.139,+0.987
1629852840,+3.52,+16.009, +8.069,+0.987
1629853440,+3.52,+15.983, +8.007,+0.986
1629854040,+3.52,+15.983, +7.957,+0.987
1629854640,+3.52,+16.001, +7.903,+0.986
1629855240,+3.52,+15.992, +7.868,+0.986
1629855840,+3.52,+15.966, +7.842,+0.986
1629856440,+3.52,+15.949, +7.810,+0.986
1629857040,+3.52,+15.966, +7.782,+0.986
1629857640,+3.52,+15.949, +7.768,+0.986
1629858240,+3.52,+15.966, +7.750,+0.986
1629858840,+3.52,+15.932, +7.747,+0.986
1629859440,+3.52,+15.949, +7.728,+0.986
1629860040,+3.52,+15.941, +7.722,+0.986
1629860640,+3.53,+15.915, +7.716,+0.986
1629861240,+3.52,+15.941, +7.703,+0.987
1629861840,+3.52,+15.932, +7.704,+0.987
1629862440,+3.52,+15.924, +7.697,+0.986
1629863040,+3.52,+15.949, +7.687,+0.986
1629863640,+3.52,+15.949, +7.693,+0.986
1629864240,+3.52,+15.932, +7.696,+0.987
1629864840,+3.52,+15.915, +7.689,+0.986
1629865440,+3.52,+15.924, +7.684,+0.986
1629866040,+3.52,+15.932, +7.686,+0.987
1629866640,+3.52,+15.941, +7.675,+0.986
1629867240,+3.52,+15.949, +7.682,+0.987
1629867840,+3.52,+15.932, +7.683,+0.987
1629868440,+3.53,+15.915, +7.678,+0.986
1629869040,+3.52,+15.915, +7.674,+0.986
1629869640,+3.52,+15.924, +7.665,+0.986
1629870240,+3.52,+15.941, +7.676,+0.987
1629870840,+3.52,+15.949, +7.671,+0.986
1629871440,+3.52,+15.949, +7.674,+0.986
1629872040,+3.53,+15.932, +7.683,+0.987
1629872640,+3.52,+15.907, +7.678,+0.986
1629873240,+3.52,+15.915, +7.676,+0.987
1629873840,+3.52,+15.924, +7.680,+0.987
1629874440,+3.52,+15.924, +7.684,+0.987
1629875040,+3.52,+15.924, +7.679,+0.986
1629875640,+3.52,+15.907, +7.684,+0.986
1629876240,+3.52,+15.924, +7.673,+0.986
1629876840,+3.52,+15.932, +7.663,+0.986
1629877440,+3.52,+15.932, +7.674,+0.986
1629878040,+3.52,+15.932, +7.689,+0.987
1629878640,+3.52,+15.932, +7.680,+0.986
1629879240,+3.52,+15.932, +7.683,+0.986
1629879840,+3.52,+15.907, +7.685,+0.986
1629880440,+3.53,+15.907, +7.680,+0.986
1629881040,+3.53,+15.915, +7.679,+0.986
1629881640,+3.52,+15.932, +7.676,+0.986
1629882240,+3.52,+15.958, +7.673,+0.986
1629882840,+3.53,+15.941, +7.676,+0.986
1629883440,+3.52,+15.932, +7.683,+0.986
1629884040,+3.52,+15.924, +7.683,+0.986
1629884640,+3.52,+15.915, +7.688,+0.987
1629885240,+3.52,+15.915, +7.681,+0.986
1629885840,+3.52,+15.941, +7.677,+0.986
1629886440,+3.52,+15.949, +7.679,+0.987
1629887040,+3.53,+15.949, +7.679,+0.986
1629887640,+3.52,+15.932, +7.685,+0.987
1629888240,+3.52,+15.907, +7.688,+0.986
1629888840,+3.52,+15.915, +7.685,+0.986
1629889440,+3.53,+15.915, +7.683,+0.986
1629890040,+3.53,+15.907, +7.684,+0.986
1629890640,+3.52,+15.941, +7.679,+0.986
1629891240,+3.52,+15.915, +7.683,+0.986
1629891840,+3.52,+15.941, +7.677,+0.986
1629892440,+3.52,+15.932, +7.688,+0.987
1629893040,+3.52,+15.924, +7.696,+0.987
1629893640,+3.52,+15.932, +7.688,+0.986
1629894240,+3.52,+15.932, +7.687,+0.986
1629894840,+3.52,+15.941, +7.693,+0.987
1629895440,+3.52,+15.949, +7.689,+0.987
1629896040,+3.52,+15.941, +7.691,+0.986
1629896640,+3.52,+15.958, +7.748,+0.986
1629897240,+3.52,+15.958, +7.814,+0.987
1629897840,+3.52,+15.983, +7.854,+0.986
1629898440,+3.52,+15.992, +7.905,+0.986
1629899040,+3.52,+15.983, +7.941,+0.986
1629899640,+3.52,+16.009, +7.976,+0.986
1629900240,+3.52,+15.992, +8.009,+0.986
1629900840,+3.52,+15.983, +8.038,+0.986
1629901440,+3.52,+16.001, +8.043,+0.986
1629902040,+3.52,+15.992, +8.072,+0.986
1629902640,+3.52,+16.001, +8.087,+0.986
1629903240,+3.52,+16.018, +8.103,+0.987
1629903840,+3.52,+15.983, +8.120,+0.986
1629904440,+3.52,+15.983, +8.122,+0.986
1629905040,+3.52,+16.001, +8.125,+0.986
1629905640,+3.52,+16.026, +8.126,+0.986
1629906240,+3.52,+16.001, +8.145,+0.986
1629906840,+3.52,+15.992, +8.159,+0.987
1629907440,+3.52,+16.009, +8.146,+0.986
1629908040,+3.52,+15.992, +8.157,+0.986
1629908640,+3.52,+16.001, +8.159,+0.986
1629909240,+3.52,+16.009, +8.173,+0.987
1629909840,+3.52,+15.992, +8.170,+0.986
1629910440,+3.52,+16.009, +8.162,+0.986
1629911040,+3.52,+16.035, +8.160,+0.986
1629911640,+3.52,+16.018, +8.169,+0.986
1629912240,+3.52,+16.001, +8.176,+0.987
1629912840,+3.52,+16.018, +8.170,+0.986
1629913440,+3.52,+15.966, +8.184,+0.987
1629914040,+3.53,+15.949, +8.173,+0.986
1629914640,+3.52,+15.958, +8.179,+0.986
1629915240,+3.52,+15.941, +8.180,+0.986
1629915840,+3.52,+15.983, +8.182,+0.987
