7450-701237
OS REV: 1.05 Sensor Cal: 1617730440
Time (sec),  BV (Volts),  T (deg C),  DO (mg/l),  Q ()
1630090440,+3.52,+16.052, +8.162,+0.986
1630091040,+3.52,+16.043, +8.169,+0.987
1630091640,+3.52,+16.018, +8.182,+0.987
1630092240,+3.52,+16.035, +8.167,+0.986
1630092840,+3.52,+16.026, +8.171,+0.987
1630093440,+3.52,+16.035, +8.175,+0.987
1630094040,+3.52,+16.043, +8.176,+0.987
1630094640,+3.52,+16.018, +8.178,+0.987
1630095240,+3.52,+16.035, +8.168,+0.986
1630095840,+3.52,+16.052, +8.170,+0.987
1630096440,+3.52,+16.035, +8.179,+0.986
1630097040,+3.52,+16.035, +8.170,+0.987
1630097640,+3.52,+16.052, +8.163,+0.986
1630098240,+3.52,+16.043, +8.174,+0.987
1630098840,+3.52,+16.052, +8.166,+0.986
1630099440,+3.52,+16.018, +8.161,+0.986
1630100040,+3.52,+16.026, +8.163,+0.986
1630100640,+3.52,+16.035, +8.160,+0.987
1630101240,+3.52,+16.035, +8.159,+0.987
1630101840,+3.52,+16.043, +8.151,+0.987
1630102440,+3.52,+16.009, +8.150,+0.987
1630103040,+3.52,+15.975, +8.149,+0.987
1630103640,+3.52,+15.958, +8.142,+0.986
1630104240,+3.52,+15.932, +8.145,+0.987
1630104840,+3.52,+15.983, +8.136,+0.986
1630105440,+3.52,+15.941, +8.144,+0.987
1630106040,+3.52,+15.966, +8.143,+0.986
1630106640,+3.52,+15.941, +8.142,+0.987
1630107240,+3.52,+15.966, +8.144,+0.987
1630107840,+3.52,+15.941, +8.135,+0.986
1630108440,+3.52,+15.975, +8.136,+0.986
1630109040,+3.52,+15.975, +8.125,+0.986
1630109640,+3.52,+15.966, +8.140,+0.987
1630110240,+3.52,+15.958, +8.129,+0.986
1630110840,+3.52,+15.983, +8.131,+0.987
1630111440,+3.52,+15.983, +8.125,+0.986
1630112040,+3.52,+15.975, +8.053,+0.987
1630112640,+3.52,+15.975, +7.987,+0.986
1630113240,+3.52,+15.941, +7.943,+0.987
1630113840,+3.52,+15.949, +7.896,+0.986
1630114440,+3.52,+15.932, +7.857,+0.987
1630115040,+3.52,+15.949, +7.827,+0.987
1630115640,+3.52,+15.941, +7.802,+0.986
1630116240,+3.52,+15.915, +7.777,+0.986
1630116840,+3.52,+15.932, +7.757,+0.986
1630117440,+3.52,+15.907, +7.751,+0.987
1630118040,+3.52,+15.915, +7.729,+0.987
1630118640,+3.52,+15.932, +7.716,+0.986
1630119240,+3.52,+15.949, +7.701,+0.986
1630119840,+3.52,+15.932, +7.692,+0.986
1630120440,+3.52,+15.949, +7.683,+0.986
1630121040,+3.52,+15.949, +7.679,+0.986
1630121640,+3.52,+15.924, +7.670,+0.986
1630122240,+3.52,+15.915, +7.675,+0.986
1630122840,+3.52,+15.932, +7.666,+0.986
1630123440,+3.52,+15.949, +7.661,+0.986
1630124040,+3.52,+15.932, +7.654,+0.986
1630124640,+3.52,+15.941, +7.660,+0.986
1630125240,+3.52,+15.949, +7.659,+0.986
1630125840,+3.52,+15.924, +7.666,+0.987
1630126440,+3.52,+15.941, +7.652,+0.986
1630127040,+3.52,+15.932, +7.654,+0.986
1630127640,+3.52,+15.941, +7.657,+0.986
1630128240,+3.52,+15.924, +7.658,+0.987
1630128840,+3.52,+15.941, +7.651,+0.986
1630129440,+3.52,+15.932, +7.663,+0.986
1630130040,+3.52,+15.932, +7.654,+0.986
1630130640,+3.52,+15.907, +7.659,+0.986
1630131240,+3.52,+15.932, +7.666,+0.987
1630131840,+3.52,+15.924, +7.664,+0.987
1630132440,+3.52,+15.907, +7.668,+0.987
1630133040,+3.52,+15.932, +7.658,+0.986
1630133640,+3.52,+15.958, +7.655,+0.986
1630134240,+3.52,+15.907, +7.670,+0.987
1630134840,+3.52,+15.924, +7.656,+0.986
1630135440,+3.52,+15.941, +7.656,+0.986
1630136040,+3.52,+15.915, +7.669,+0.986
1630136640,+3.52,+15.924, +7.660,+0.986
1630137240,+3.52,+15.932, +7.664,+0.987
1630137840,+3.52,+15.941, +7.663,+0.986
1630138440,+3.52,+15.890, +7.672,+0.987
1630139040,+3.52,+15.915, +7.666,+0.986
1630139640,+3.52,+15.915, +7.661,+0.986
1630140240,+3.52,+15.941, +7.666,+0.986
1630140840,+3.52,+15.915, +7.659,+0.986
1630141440,+3.52,+15.932, +7.665,+0.987
1630142040,+3.52,+15.941, +7.664,+0.986
1630142640,+3.52,+15.907, +7.675,+0.986
1630143240,+3.52,+15.932, +7.657,+0.986
1630143840,+3.52,+15.941, +7.662,+0.986
1630144440,+3.52,+15.941, +7.669,+0.987
1630145040,+3.52,+15.924, +7.662,+0.986
1630145640,+3.52,+15.915, +7.665,+0.986
1630146240,+3.52,+15.941, +7.668,+0.987
1630146840,+3.52,+15.941, +7.669,+0.987
1630147440,+3.52,+15.907, +7.672,+0.987
1630148040,+3.52,+15.958, +7.655,+0.986
1630148640,+3.52,+15.932, +7.669,+0.986
1630149240,+3.52,+15.924, +7.673,+0.987
1630149840,+3.52,+15.932, +7.670,+0.987
1630150440,+3.52,+15.924, +7.669,+0.986
1630151040,+3.52,+15.941, +7.672,+0.986
1630151640,+3.52,+15.924, +7.679,+0.987
1630152240,+3.52,+15.932, +7.671,+0.987
1630152840,+3.52,+15.941, +7.674,+0.987
1630153440,+3.52,+15.924, +7.677,+0.986
1630154040,+3.52,+15.924, +7.678,+0.986
1630154640,+3.52,+15.924, +7.682,+0.987
1630155240,+3.52,+15.949, +7.674,+0.986
1630155840,+3.52,+15.932, +7.744,+0.986
1630156440,+3.52,+15.924, +7.792,+0.986
1630157040,+3.52,+15.949, +7.853,+0.987
1630157640,+3.52,+15.924, +7.892,+0.986
1630158240,+3.52,+15.949, +7.927,+0.986
1630158840,+3.52,+15.932, +7.971,+0.987
1630159440,+3.52,+15.932, +7.999,+0.986
1630160040,+3.52,+15.941, +8.028,+0.987
1630160640,+3.52,+15.966, +8.041,+0.987
1630161240,+3.52,+15.983, +8.066,+0.987
1630161840,+3.52,+15.983, +8.081,+0.987
1630162440,+3.52,+15.983, +8.092,+0.987
1630163040,+3.52,+15.992, +8.100,+0.986
1630163640,+3.52,+16.009, +8.113,+0.986
1630164240,+3.52,+16.001, +8.123,+0.987
1630164840,+3.52,+16.026, +8.121,+0.986
1630165440,+3.52,+16.026, +8.135,+0.987
1630166040,+3.52,+15.983, +8.139,+0.986
1630166640,+3.52,+16.001, +8.151,+0.987
1630167240,+3.52,+16.018, +8.147,+0.986
1630167840,+3.52,+16.001, +8.152,+0.986
1630168440,+3.52,+16.018, +8.152,+0.986
1630169040,+3.52,+16.001, +8.167,+0.986
1630169640,+3.52,+16.001, +8.171,+0.987
1630170240,+3.52,+15.992, +8.167,+0.986
1630170840,+3.52,+16.026, +8.172,+0.987
1630171440,+3.52,+16.001, +8.183,+0.987
1630172040,+3.52,+16.001, +8.185,+0.987
1630172640,+3.52,+16.009, +8.181,+0.987
1630173240,+3.52,+16.018, +8.174,+0.986
1630173840,+3.52,+16.001, +8.178,+0.986
1630174440,+3.52,+16.026, +8.172,+0.986
1630175040,+3.52,+16.018, +8.182,+0.986
1630175640,+3.52,+15.992, +8.184,+0.987
1630176240,+3.52,+15.992, +8.191,+0.986
1630176840,+3.52,+16.009, +8.194,+0.987
