7450-701237
OS REV: 1.05 Sensor Cal: 1617730440
Time (sec),  BV (Volts),  T (deg C),  DO (mg/l),  Q ()
1628725860,+3.52,+16.478, +7.290,+0.986
1628726460,+3.52,+16.486, +7.311,+0.987
1628727060,+3.52,+16.503, +7.323,+0.987
1628727660,+3.52,+16.495, +7.338,+0.986
1628728260,+3.52,+16.503, +7.357,+0.987
1628728860,+3.52,+16.537, +7.385,+0.987
1628729460,+3.52,+16.580, +7.338,+0.986
1628730060,+3.52,+16.529, +7.302,+0.986
1628730660,+3.52,+16.461, +7.267,+0.986
1628731260,+3.52,+16.401, +7.238,+0.987
1628731860,+3.52,+16.359, +7.203,+0.987
1628732460,+3.52,+16.299, +7.168,+0.986
1628733060,+3.52,+16.239, +7.141,+0.987
1628733660,+3.52,+16.231, +7.123,+0.987
1628734260,+3.52,+16.171, +7.104,+0.987
1628734860,+3.52,+16.205, +7.068,+0.987
1628735460,+3.52,+16.188, +7.044,+0.987
1628736060,+3.52,+16.180, +7.024,+0.987
1628736660,+3.52,+16.154, +7.003,+0.987
1628737260,+3.52,+16.128, +6.984,+0.987
1628737860,+3.52,+16.146, +6.966,+0.987
1628738460,+3.52,+16.137, +6.943,+0.987
1628739060,+3.52,+16.137, +6.921,+0.987
1628739660,+3.52,+16.137, +6.905,+0.987
1628740260,+3.52,+16.128, +6.886,+0.987
1628740860,+3.52,+16.137, +6.864,+0.987
1628741460,+3.52,+16.137, +6.859,+0.987
1628742060,+3.52,+16.146, +6.838,+0.987
1628742660,+3.52,+16.163, +6.814,+0.987
1628743260,+3.52,+16.128, +6.809,+0.987
1628743860,+3.52,+16.137, +6.793,+0.987
1628744460,+3.52,+16.128, +6.781,+0.987
1628745060,+3.52,+16.137, +6.760,+0.987
1628745660,+3.52,+16.128, +6.757,+0.987
1628746260,+3.52,+16.146, +6.734,+0.987
1628746860,+3.52,+16.137, +6.721,+0.987
1628747460,+3.52,+16.137, +6.712,+0.987
1628748060,+3.52,+16.146, +6.693,+0.987
1628748660,+3.52,+16.154, +6.680,+0.987
1628749260,+3.52,+16.154, +6.671,+0.987
1628749860,+3.52,+16.146, +6.663,+0.987
1628750460,+3.52,+16.154, +6.652,+0.987
1628751060,+3.52,+16.163, +6.642,+0.987
1628751660,+3.52,+16.146, +6.644,+0.987
1628752260,+3.52,+16.171, +6.626,+0.987
1628752860,+3.52,+16.137, +6.626,+0.987
1628753460,+3.52,+16.163, +6.609,+0.987
1628754060,+3.52,+16.154, +6.608,+0.987
1628754660,+3.52,+16.154, +6.598,+0.987
1628755260,+3.52,+16.163, +6.583,+0.987
1628755860,+3.52,+16.154, +6.571,+0.987
1628756460,+3.52,+16.146, +6.574,+0.987
1628757060,+3.52,+16.137, +6.565,+0.987
1628757660,+3.52,+16.163, +6.552,+0.987
1628758260,+3.52,+16.154, +6.544,+0.987
1628758860,+3.52,+16.163, +6.546,+0.987
1628759460,+3.52,+16.146, +6.540,+0.987
1628760060,+3.52,+16.171, +6.522,+0.987
1628760660,+3.52,+16.188, +6.523,+0.987
1628761260,+3.52,+16.188, +6.516,+0.987
1628761860,+3.52,+16.163, +6.506,+0.987
1628762460,+3.52,+16.163, +6.496,+0.987
1628763060,+3.52,+16.146, +6.498,+0.987
1628763660,+3.52,+16.163, +6.492,+0.987
1628764260,+3.52,+16.171, +6.487,+0.987
1628764860,+3.52,+16.163, +6.484,+0.987
1628765460,+3.52,+16.171, +6.475,+0.987
1628766060,+3.52,+16.128, +6.476,+0.987
1628766660,+3.52,+16.163, +6.471,+0.987
1628767260,+3.52,+16.163, +6.460,+0.987
1628767860,+3.52,+16.154, +6.460,+0.987
1628768460,+3.52,+16.171, +6.449,+0.986
1628769060,+3.52,+16.180, +6.450,+0.987
1628769660,+3.52,+16.171, +6.447,+0.987
1628770260,+3.52,+16.180, +6.444,+0.987
1628770860,+3.52,+16.154, +6.441,+0.987
1628771460,+3.52,+16.146, +6.441,+0.987
1628772060,+3.52,+16.163, +6.430,+0.987
1628772660,+3.52,+16.163, +6.429,+0.987
1628773260,+3.52,+16.180, +6.448,+0.987
1628773860,+3.52,+16.197, +6.501,+0.987
1628774460,+3.52,+16.205, +6.559,+0.987
1628775060,+3.52,+16.205, +6.612,+0.987
1628775660,+3.52,+16.188, +6.666,+0.987
1628776260,+3.52,+16.205, +6.715,+0.987
1628776860,+3.52,+16.222, +6.764,+0.987
1628777460,+3.52,+16.231, +6.813,+0.987
1628778060,+3.52,+16.231, +6.860,+0.987
1628778660,+3.52,+16.222, +6.900,+0.987
1628779260,+3.52,+16.214, +6.946,+0.987
1628779860,+3.52,+16.265, +6.990,+0.986
1628780460,+3.52,+16.316, +7.021,+0.987
1628781060,+3.52,+16.367, +7.057,+0.986
1628781660,+3.52,+16.418, +7.091,+0.987
1628782260,+3.52,+16.410, +7.128,+0.987
1628782860,+3.52,+16.469, +7.158,+0.987
1628783460,+3.52,+16.478, +7.169,+0.987
1628784060,+3.52,+16.469, +7.207,+0.987
1628784660,+3.52,+16.461, +7.219,+0.986
1628785260,+3.52,+16.478, +7.238,+0.987
1628785860,+3.52,+16.452, +7.277,+0.987
1628786460,+3.52,+16.452, +7.294,+0.987
1628787060,+3.52,+16.461, +7.305,+0.986
1628787660,+3.52,+16.461, +7.342,+0.987
1628788260,+3.52,+16.486, +7.343,+0.986
1628788860,+3.52,+16.478, +7.393,+0.987
1628789460,+3.52,+16.512, +7.400,+0.986
1628790060,+3.52,+16.503, +7.425,+0.987
1628790660,+3.52,+16.503, +7.452,+0.987
1628791260,+3.52,+16.563, +7.423,+0.987
1628791860,+3.52,+16.571, +7.414,+0.987
1628792460,+3.52,+16.563, +7.420,+0.987
1628793060,+3.52,+16.537, +7.422,+0.987
1628793660,+3.52,+16.554, +7.454,+0.987
1628794260,+3.52,+16.546, +7.443,+0.987
1628794860,+3.52,+16.529, +7.440,+0.987
1628795460,+3.52,+16.520, +7.441,+0.987
1628796060,+3.52,+16.495, +7.449,+0.987
1628796660,+3.52,+16.503, +7.452,+0.987
1628797260,+3.52,+16.495, +7.464,+0.987
1628797860,+3.52,+16.469, +7.485,+0.987
1628798460,+3.52,+16.461, +7.502,+0.987
1628799060,+3.52,+16.461, +7.515,+0.987
1628799660,+3.52,+16.452, +7.954,+0.987
1628800260,+3.52,+16.333, +7.884,+0.987
1628800860,+3.52,+16.265, +7.856,+0.987
1628801460,+3.52,+16.435, +7.957,+0.987
1628802060,+3.52,+17.317, +7.777,+0.987
1628802660,+3.52,+16.393, +7.717,+0.986
1628803260,+3.52,+16.307, +7.719,+0.986
1628803860,+3.52,+16.282, +7.707,+0.987
1628804460,+3.52,+16.256, +7.701,+0.987
1628805060,+3.52,+16.273, +7.678,+0.987
1628805660,+3.52,+16.256, +7.678,+0.987
1628806260,+3.52,+16.299, +7.651,+0.987
1628806860,+3.52,+16.324, +7.645,+0.987
1628807460,+3.52,+16.324, +7.646,+0.988
1628808060,+3.52,+16.341, +7.623,+0.987
1628808660,+3.52,+16.359, +7.609,+0.987
1628809260,+3.52,+16.359, +7.599,+0.987
1628809860,+3.52,+16.359, +7.598,+0.987
1628810460,+3.52,+16.376, +7.583,+0.987
1628811060,+3.52,+16.350, +7.581,+0.987
1628811660,+3.52,+16.359, +7.570,+0.987
1628812260,+3.52,+16.350, +7.569,+0.987
